frame_0, 
(1893.0,371.25,1842.0,850.5,1644.0,1012.5,1179.0,1048.5,315.0,888.75,138.0,789.75,60.0,393.75,48.0,99.0,72.0,22.5,1710.0,42.75,1839.0,141.75,1893.0,371.25), 5.452295868956794
frame_1, 
(1179.0,1048.5,324.0,1019.25,138.0,789.75,42.0,416.25,33.0,375.75,48.0,99.0,72.0,22.5,447.0,31.5,867.0,54.0,1053.0,87.75,1698.0,247.5,1761.0,348.75,1644.0,1010.25,1179.0,1048.5), 5.3412593201021314
frame_10, 
(24.0,753.75,48.0,99.0,72.0,22.5,1710.0,40.5,1893.0,371.25,1770.0,909.0,1644.0,1010.25,1179.0,1048.5,1080.0,1055.25,315.0,888.75,132.0,821.25,24.0,753.75), 5.276159375259449
frame_11, 
(1179.0,1048.5,315.0,888.75,135.0,787.5,75.0,668.25,42.0,416.25,45.0,357.75,72.0,22.5,867.0,54.0,1563.0,173.25,1698.0,249.75,1893.0,371.25,1770.0,909.0,1644.0,1010.25,1602.0,1014.75,1179.0,1048.5), 5.271451265860966
frame_12, 
(33.0,378.0,42.0,42.75,72.0,22.5,1710.0,40.5,1821.0,231.75,1893.0,371.25,1848.0,623.25,1644.0,1010.25,1179.0,1048.5,1080.0,1053.0,1008.0,1053.0,315.0,888.75,78.0,668.25,33.0,378.0), 5.269689545563052
frame_13, 
(1893.0,371.25,1878.0,821.25,1803.0,882.0,1179.0,1048.5,813.0,1039.5,315.0,888.75,135.0,789.75,78.0,668.25,42.0,416.25,42.0,42.75,72.0,22.5,702.0,18.0,1155.0,49.5,1698.0,247.5,1893.0,371.25), 5.262212051524287
frame_14, 
(33.0,375.75,72.0,22.5,705.0,51.75,1188.0,74.25,1821.0,231.75,1893.0,371.25,1878.0,819.0,1644.0,1010.25,1179.0,1048.5,813.0,1039.5,324.0,864.0,135.0,789.75,78.0,668.25,33.0,375.75), 4.155866391742771
frame_2, 
(117.0,1019.25,36.0,378.0,72.0,22.5,1710.0,40.5,1893.0,371.25,1770.0,909.0,1644.0,1010.25,1149.0,1059.75,1083.0,1057.5,117.0,1019.25), 5.211293050000683
frame_3, 
(24.0,753.75,48.0,99.0,72.0,22.5,867.0,54.0,1188.0,76.5,1698.0,249.75,1893.0,371.25,1848.0,625.5,1599.0,1014.75,1377.0,1053.0,1149.0,1059.75,1083.0,1055.25,558.0,924.75,324.0,864.0,24.0,753.75), 5.2766970321045
frame_4, 
(42.0,416.25,72.0,22.5,447.0,31.5,813.0,47.25,1188.0,76.5,1698.0,249.75,1893.0,371.25,1788.0,663.75,1644.0,1010.25,1179.0,1048.5,315.0,888.75,135.0,789.75,78.0,668.25,42.0,416.25), 5.230470708244689
frame_5, 
(24.0,753.75,33.0,378.0,57.0,128.25,72.0,22.5,1131.0,24.75,1593.0,198.0,1698.0,249.75,1893.0,371.25,1851.0,841.5,1179.0,1048.5,315.0,888.75,24.0,753.75), 5.236504555703431
frame_6, 
(138.0,920.25,24.0,753.75,57.0,128.25,72.0,22.5,702.0,18.0,1053.0,87.75,1698.0,249.75,1602.0,1014.75,1080.0,1057.5,138.0,920.25), 5.23111652671056
frame_7, 
(72.0,22.5,702.0,18.0,1053.0,87.75,1698.0,247.5,1893.0,371.25,1770.0,909.0,1602.0,1014.75,1179.0,1048.5,1083.0,1055.25,141.0,940.5,24.0,753.75,33.0,378.0,48.0,99.0,72.0,22.5), 5.2663746137455725
frame_8, 
(48.0,99.0,72.0,22.5,813.0,47.25,1188.0,76.5,1698.0,247.5,1893.0,371.25,1770.0,909.0,1644.0,1010.25,1602.0,1014.75,1149.0,1059.75,1083.0,1057.5,315.0,888.75,24.0,753.75,33.0,378.0,48.0,99.0), 5.25036176551586
frame_9, 
(1698.0,247.5,1644.0,1010.25,1179.0,1048.5,1083.0,1055.25,315.0,888.75,24.0,753.75,45.0,357.75,72.0,22.5,447.0,31.5,867.0,54.0,1053.0,87.75,1698.0,247.5), 5.1736692397453075
