frame_0, 
(1635.0,69.75,1836.0,420.75,1833.0,495.0,1701.0,1030.5,708.0,1030.5,45.0,994.5,54.0,328.5,264.0,155.25,555.0,105.75,1635.0,69.75), 5.452295868956794
frame_1, 
(1770.0,843.75,708.0,1030.5,108.0,958.5,81.0,807.75,72.0,681.75,873.0,234.0,1275.0,119.25,1632.0,69.75,1842.0,337.5,1833.0,495.0,1770.0,843.75), 5.3412593201021314
frame_10, 
(1701.0,1030.5,708.0,1030.5,78.0,942.75,54.0,328.5,570.0,92.25,1266.0,150.75,1353.0,173.25,1659.0,292.5,1803.0,414.0,1833.0,495.0,1767.0,843.75,1701.0,1030.5), 5.276159375259449
frame_11, 
(42.0,247.5,1635.0,67.5,1806.0,414.0,1833.0,495.0,1767.0,843.75,708.0,1030.5,120.0,828.0,81.0,807.75,72.0,681.75,42.0,247.5), 5.271451265860966
frame_12, 
(30.0,924.75,54.0,328.5,699.0,148.5,1218.0,76.5,1635.0,74.25,1863.0,121.5,1833.0,495.0,1770.0,843.75,1701.0,1030.5,66.0,985.5,30.0,924.75), 5.269689545563052
frame_13, 
(1632.0,67.5,1833.0,495.0,1701.0,1030.5,708.0,1030.5,245.99999999999997,1012.5,66.0,983.25,30.0,924.75,54.0,328.5,510.0,202.5,1218.0,74.25,1632.0,67.5), 5.262212051524287
frame_14, 
(54.0,328.5,1218.0,76.5,1635.0,67.5,1863.0,119.25,1890.0,789.75,1701.0,1030.5,708.0,1030.5,108.0,958.5,60.0,875.25,54.0,328.5), 4.155866391742771
frame_2, 
(81.0,807.75,54.0,328.5,270.0,198.0,1218.0,76.5,1842.0,337.5,1833.0,495.0,1728.0,1032.75,708.0,1030.5,453.0,940.5,81.0,807.75), 5.211293050000683
frame_3, 
(45.0,994.5,54.0,328.5,1218.0,76.5,1848.0,117.0,1833.0,495.0,1758.0,767.25,1368.0,1037.25,708.0,1030.5,45.0,994.5), 5.2766970321045
frame_4, 
(1833.0,495.0,1728.0,1032.75,708.0,1030.5,108.0,958.5,81.0,841.5,72.0,681.75,54.0,328.5,1218.0,76.5,1635.0,67.5,1833.0,495.0), 5.230470708244689
frame_5, 
(1833.0,495.0,1701.0,1030.5,204.0,1039.5,60.0,936.0,54.0,328.5,489.0,159.75,1635.0,67.5,1833.0,495.0), 5.236504555703431
frame_6, 
(1635.0,67.5,1836.0,420.75,1833.0,495.0,1758.0,767.25,708.0,1030.5,81.0,841.5,72.0,681.75,201.0,531.0,873.0,234.0,1635.0,67.5), 5.23111652671056
frame_7, 
(1833.0,495.0,1701.0,1030.5,708.0,1030.5,108.0,958.5,84.0,861.75,81.0,841.5,72.0,681.75,54.0,328.5,1635.0,67.5,1803.0,414.0,1833.0,495.0), 5.2663746137455725
frame_8, 
(54.0,328.5,1218.0,76.5,1659.0,292.5,1767.0,405.0,1833.0,495.0,1767.0,843.75,1701.0,1030.5,1368.0,1037.25,708.0,1030.5,120.0,828.0,81.0,807.75,72.0,681.75,54.0,328.5), 5.25036176551586
frame_9, 
(54.0,328.5,1635.0,67.5,1803.0,414.0,1833.0,495.0,1767.0,843.75,1701.0,1030.5,708.0,1030.5,120.0,828.0,81.0,807.75,72.0,681.75,54.0,328.5), 5.1736692397453075
