frame_0, (30.0,49.5,1626.0,18.0,1875.0,27.0,1893.0,987.75,873.0,1021.5,231.0,996.75,99.0,963.0,30.0,49.5), 2.8193248898634
frame_1, (1893.0,535.5,1893.0,987.75,537.0,1037.25,24.0,708.75,54.0,315.0,1644.0,31.5,1686.0,27.0,1776.0,130.5,1893.0,535.5), 2.929764783622447
frame_2, (24.0,708.75,63.0,312.75,1644.0,31.5,1767.0,56.25,1872.0,690.75,1893.0,987.75,873.0,1021.5,96.0,749.25,24.0,708.75), 2.8978515722158047
frame_3, (1893.0,987.75,873.0,1021.5,96.0,749.25,66.0,504.0,591.0,308.25,873.0,213.75,1065.0,162.0,1644.0,33.75,1686.0,27.0,1776.0,130.5,1782.0,166.5,1893.0,987.75), 2.8699213805278245
frame_4, (24.0,708.75,66.0,504.0,591.0,308.25,873.0,213.75,1644.0,31.5,1776.0,130.5,1863.0,303.75,1893.0,987.75,1680.0,976.5,24.0,708.75), 2.8724096085204534
frame_5, (1869.0,562.5,1680.0,976.5,1512.0,963.0,24.0,708.75,66.0,504.0,591.0,310.5,996.0000000000001,195.75,1644.0,31.5,1776.0,130.5,1863.0,306.0,1869.0,562.5), 2.8668631995674727
frame_6, (1680.0,976.5,24.0,708.75,66.0,504.0,591.0,310.5,1065.0,162.0,1644.0,31.5,1680.0,51.75,1776.0,130.5,1782.0,166.5,1761.0,443.25,1680.0,976.5), 2.8651320126264332
frame_7, (207.0,1053.0,48.0,155.25,1782.0,166.5,1872.0,267.75,1881.0,366.75,1872.0,688.5,1755.0,969.75,1536.0,1059.75,501.0,1059.75,207.0,1053.0), 2.859344620813211
frame_8, (873.0,1021.5,66.0,504.0,591.0,310.5,1065.0,162.0,1644.0,31.5,1776.0,130.5,1881.0,364.5,1893.0,987.75,873.0,1021.5), 2.873828609171878
frame_9, (1875.0,27.0,1893.0,987.75,873.0,1019.25,96.0,749.25,66.0,504.0,630.0,110.25,1644.0,31.5,1875.0,27.0), 2.869220502836519
frame_10, (1875.0,27.0,1893.0,987.75,1680.0,976.5,1512.0,963.0,687.0,771.75,66.0,504.0,591.0,308.25,996.0000000000001,195.75,1281.0,119.25,1644.0,31.5,1875.0,27.0), 2.8714892871226394
frame_11, (1875.0,27.0,1893.0,987.75,1680.0,976.5,1512.0,963.0,687.0,771.75,66.0,504.0,591.0,308.25,1065.0,162.0,1644.0,33.75,1875.0,27.0), 2.8490254987640853
frame_12, (1875.0,29.25,1893.0,987.75,1680.0,976.5,1512.0,963.0,24.0,708.75,66.0,504.0,591.0,308.25,1230.0,85.5,1644.0,33.75,1875.0,29.25), 2.575404642023824
frame_13, (144.0,940.5,66.0,504.0,591.0,308.25,1230.0,85.5,1644.0,33.75,1776.0,130.5,1881.0,364.5,1893.0,987.75,144.0,940.5), 2.8617598615756417
frame_14, (432.0,931.5,66.0,504.0,591.0,308.25,1218.0,114.75,1644.0,33.75,1776.0,130.5,1869.0,562.5,1893.0,987.75,432.0,931.5), 2.8889077152490072
