frame_0, 
(42.0,1037.25,39.0,130.5,63.0,54.0,183.0,38.25,1128.0,24.75,1782.0,31.5,1884.0,243.0,1887.0,474.75,1836.0,931.5,1239.0,1046.25,618.0,1050.75,42.0,1037.25), 2.8193248898634
frame_1, 
(1887.0,474.75,1833.0,978.75,1167.0,1050.75,618.0,1050.75,264.0,967.5,120.0,589.5,45.0,366.75,63.0,54.0,998.9999999999999,27.0,1293.0,29.25,1350.0,33.75,1743.0,85.5,1881.0,243.0,1887.0,474.75), 2.929764783622447
frame_10, 
(1887.0,474.75,1833.0,978.75,1167.0,1053.0,882.0,1021.5,342.0,747.0,237.0,580.5,63.0,54.0,183.0,38.25,306.0,31.5,774.0,22.5,1266.0,20.25,1350.0,33.75,1839.0,141.75,1881.0,243.0,1887.0,474.75), 2.8714892871226394
frame_11, 
(1887.0,474.75,1833.0,978.75,882.0,1021.5,342.0,749.25,237.0,582.75,63.0,54.0,183.0,38.25,306.0,31.5,774.0,22.5,1269.0,22.5,1839.0,141.75,1881.0,243.0,1887.0,474.75), 2.8490254987640853
frame_12, 
(1887.0,474.75,1830.0,978.75,1167.0,1053.0,882.0,1021.5,342.0,749.25,192.0,474.75,63.0,54.0,183.0,38.25,306.0,31.5,1128.0,24.75,1293.0,29.25,1350.0,33.75,1839.0,141.75,1887.0,474.75), 2.575404642023824
frame_13, 
(69.0,1028.25,63.0,54.0,183.0,38.25,306.0,31.5,1128.0,24.75,1293.0,29.25,1350.0,33.75,1644.0,114.75,1881.0,243.0,1887.0,474.75,1830.0,978.75,1167.0,1053.0,69.0,1028.25), 2.8617598615756417
frame_14, 
(186.0,684.0,60.0,508.5,63.0,54.0,183.0,38.25,1128.0,24.75,1350.0,33.75,1644.0,114.75,1881.0,243.0,1887.0,474.75,1833.0,978.75,1167.0,1053.0,882.0,1021.5,186.0,684.0), 2.8889077152490072
frame_2, 
(120.0,589.5,45.0,366.75,63.0,54.0,183.0,38.25,306.0,31.5,1128.0,24.75,1293.0,29.25,1350.0,33.75,1839.0,141.75,1881.0,243.0,1887.0,474.75,1791.0,978.75,1170.0,1050.75,618.0,1050.75,120.0,589.5), 2.8978515722158047
frame_3, 
(1887.0,474.75,1872.0,1046.25,1167.0,1050.75,618.0,1050.75,342.0,747.0,63.0,54.0,183.0,38.25,306.0,31.5,774.0,20.25,1266.0,20.25,1743.0,85.5,1881.0,243.0,1887.0,474.75), 2.8699213805278245
frame_4, 
(1887.0,474.75,1872.0,1044.0,1167.0,1050.75,912.0,1003.5,342.0,747.0,63.0,54.0,183.0,38.25,306.0,31.5,1266.0,20.25,1350.0,33.75,1644.0,114.75,1833.0,216.0,1881.0,243.0,1887.0,474.75), 2.8724096085204534
frame_5, 
(342.0,747.0,183.0,38.25,306.0,31.5,1266.0,20.25,1350.0,33.75,1644.0,114.75,1833.0,216.0,1881.0,243.0,1887.0,474.75,1833.0,978.75,1164.0,1050.75,882.0,1021.5,342.0,747.0), 2.8668631995674727
frame_6, 
(342.0,747.0,183.0,38.25,306.0,31.5,774.0,22.5,1266.0,20.25,1350.0,33.75,1677.0,117.0,1881.0,243.0,1887.0,474.75,1791.0,978.75,1158.0,1050.75,912.0,1003.5,342.0,747.0), 2.8651320126264332
frame_7, 
(63.0,508.5,63.0,54.0,183.0,38.25,306.0,31.5,774.0,22.5,1266.0,20.25,1815.0,103.5,1881.0,243.0,1887.0,474.75,1758.0,654.75,1338.0,965.25,912.0,1003.5,360.0,832.5,63.0,508.5), 2.859344620813211
frame_8, 
(1887.0,474.75,1833.0,978.75,1161.0,1053.0,882.0,1021.5,342.0,747.0,63.0,54.0,183.0,38.25,306.0,31.5,774.0,22.5,1266.0,20.25,1350.0,33.75,1644.0,114.75,1881.0,243.0,1887.0,474.75), 2.873828609171878
frame_9, 
(1887.0,474.75,1833.0,978.75,1164.0,1053.0,882.0,1021.5,306.0,695.25,237.0,582.75,63.0,54.0,183.0,38.25,306.0,31.5,774.0,22.5,1128.0,24.75,1542.0,29.25,1839.0,141.75,1881.0,243.0,1887.0,474.75), 2.869220502836519
