frame_0, 
(1149.0,393.75,1365.0,652.5,1161.0,852.75,1026.0,981.0,699.0,1046.25,624.0,1053.0,285.0,1059.75,144.0,1005.75,48.0,891.0,30.0,423.0,24.0,225.0,30.0,132.75,42.0,33.75,81.0,31.5,222.0,42.75,324.0,69.75,1047.0,283.5,1149.0,393.75), 2.8193248898634
frame_1, 
(48.0,891.0,42.0,369.0,45.0,90.0,354.0,31.5,708.0,54.0,1884.0,355.5,1890.0,645.75,1878.0,661.5,1401.0,1030.5,48.0,891.0), 2.929764783622447
frame_10, 
(660.0,1026.0,285.0,1059.75,48.0,1028.25,30.0,132.75,39.0,36.0,42.0,24.75,1638.0,60.75,987.0,767.25,717.0,983.25,660.0,1026.0), 2.8714892871226394
frame_11, 
(660.0,1026.0,285.0,1059.75,57.0,1023.75,48.0,891.0,30.0,132.75,33.0,54.0,42.0,24.75,1350.0,24.75,1638.0,58.5,987.0,767.25,828.0,893.25,660.0,1026.0), 2.8490254987640853
frame_12, 
(51.0,1026.0,24.0,193.5,30.0,132.75,42.0,24.75,1743.0,141.75,1881.0,407.25,1671.0,546.75,1161.0,852.75,636.0,1046.25,51.0,1026.0), 2.575404642023824
frame_13, 
(1740.0,141.75,1161.0,852.75,636.0,1046.25,285.0,1059.75,48.0,1028.25,30.0,132.75,39.0,24.75,1638.0,31.5,1740.0,141.75), 2.8617598615756417
frame_14, 
(1635.0,58.5,1887.0,355.5,1671.0,546.75,1161.0,852.75,633.0,1046.25,285.0,1059.75,156.0,1037.25,48.0,891.0,30.0,132.75,33.0,54.0,222.0,40.5,1635.0,58.5), 2.8889077152490072
frame_2, 
(1638.0,60.75,1887.0,333.0,1161.0,852.75,822.0,1021.5,624.0,1053.0,285.0,1059.75,48.0,1028.25,30.0,254.25,30.0,132.75,42.0,24.75,1638.0,60.75), 2.8978515722158047
frame_3, 
(1884.0,355.5,1026.0,981.0,624.0,1053.0,285.0,1059.75,156.0,1037.25,48.0,891.0,30.0,132.75,45.0,90.0,66.0,45.0,81.0,31.5,1425.0,96.75,1884.0,355.5), 2.8699213805278245
frame_4, 
(1113.0,409.5,1026.0,981.0,699.0,1046.25,624.0,1053.0,285.0,1059.75,48.0,1028.25,30.0,132.75,42.0,33.75,621.0,29.25,732.0,56.25,1110.0,211.5,1113.0,409.5), 2.8724096085204534
frame_5, 
(1047.0,283.5,1026.0,981.0,624.0,1053.0,285.0,1059.75,48.0,1028.25,30.0,132.75,42.0,24.75,195.0,18.0,732.0,56.25,1047.0,283.5), 2.8668631995674727
frame_6, 
(1314.0,243.0,1026.0,981.0,624.0,1053.0,285.0,1059.75,48.0,1028.25,30.0,132.75,42.0,24.75,732.0,60.75,1314.0,243.0), 2.8651320126264332
frame_7, 
(48.0,891.0,24.0,225.0,30.0,132.75,72.0,74.25,108.0,36.0,222.0,42.75,657.0,137.25,933.0,265.5,1005.0,794.25,1026.0,981.0,636.0,1048.5,285.0,1059.75,156.0,1035.0,48.0,891.0), 2.859344620813211
frame_8, 
(1638.0,60.75,1026.0,981.0,624.0,1053.0,285.0,1059.75,48.0,1028.25,30.0,132.75,72.0,74.25,1638.0,60.75), 2.873828609171878
frame_9, 
(660.0,1026.0,285.0,1059.75,48.0,1028.25,24.0,225.0,30.0,132.75,72.0,74.25,222.0,40.5,1638.0,58.5,987.0,767.25,714.0,985.5,660.0,1026.0), 2.869220502836519
