frame_0, 
(813.0,909.0,66.0,474.75,81.0,344.25,414.0,159.75,618.0,56.25,807.0,24.75,945.0,27.0,1374.0,141.75,1716.0,438.75,1794.0,630.0,1653.0,954.0,1272.0,938.25,813.0,909.0), 3.939904374536198
frame_1, 
(1794.0,621.0,1653.0,954.0,201.0,999.0,45.0,976.5,33.0,841.5,42.0,693.0,78.0,247.5,618.0,56.25,636.0,51.75,729.0,51.75,792.0,54.0,1518.0,121.5,1716.0,438.75,1794.0,621.0), 4.9687361915513915
frame_10, 
(1653.0,954.0,201.0,999.0,135.0,857.25,36.0,310.5,42.0,254.25,423.0,119.25,636.0,49.5,732.0,51.75,792.0,54.0,1518.0,121.5,1629.0,270.0,1653.0,954.0), 5.248863704623271
frame_11, 
(1620.0,1010.25,201.0,999.0,45.0,357.75,36.0,310.5,42.0,254.25,618.0,56.25,729.0,51.75,1518.0,121.5,1629.0,270.0,1794.0,621.0,1653.0,954.0,1620.0,1010.25), 5.192159095832586
frame_12, 
(1260.0,859.5,201.0,999.0,84.0,567.0,33.0,344.25,42.0,254.25,423.0,119.25,636.0,49.5,729.0,51.75,1518.0,121.5,1407.0,641.25,1260.0,859.5), 5.259908955242598
frame_13, 
(1821.0,1005.75,537.0,913.5,222.0,607.5,153.0,537.75,30.0,344.25,45.0,254.25,636.0,49.5,729.0,51.75,759.0,60.75,1797.0,616.5,1821.0,1005.75), 5.0484454346415735
frame_14, 
(1860.0,229.5,1821.0,1005.75,201.0,999.0,33.0,344.25,36.0,310.5,45.0,254.25,636.0,49.5,729.0,51.75,1860.0,229.5), 5.254479262973013
frame_2, 
(45.0,357.75,42.0,254.25,423.0,119.25,618.0,56.25,636.0,51.75,732.0,51.75,792.0,54.0,1518.0,121.5,1716.0,438.75,1794.0,621.0,1653.0,954.0,201.0,999.0,45.0,357.75), 5.144611489780824
frame_3, 
(135.0,857.25,36.0,310.5,42.0,254.25,636.0,49.5,729.0,51.75,792.0,54.0,1518.0,119.25,1716.0,438.75,1794.0,621.0,1794.0,630.0,1653.0,954.0,813.0,909.0,135.0,857.25), 4.988818197280732
frame_4, 
(201.0,999.0,36.0,310.5,45.0,254.25,618.0,56.25,729.0,51.75,792.0,54.0,1518.0,121.5,1716.0,438.75,1794.0,630.0,1653.0,954.0,201.0,999.0), 5.0300220422280155
frame_5, 
(1716.0,438.75,1653.0,954.0,201.0,999.0,45.0,357.75,36.0,310.5,45.0,254.25,618.0,56.25,729.0,51.75,792.0,54.0,1518.0,121.5,1716.0,438.75), 5.063627583542592
frame_6, 
(42.0,693.0,42.0,254.25,270.0,99.0,618.0,56.25,732.0,51.75,1518.0,121.5,1716.0,438.75,1653.0,954.0,1431.0,996.75,813.0,909.0,42.0,693.0), 4.986291663843208
frame_7, 
(1860.0,229.5,1653.0,954.0,813.0,909.0,399.0,843.75,42.0,693.0,42.0,254.25,636.0,49.5,732.0,51.75,792.0,54.0,1518.0,121.5,1860.0,229.5), 5.151100270922832
frame_8, 
(1860.0,229.5,1653.0,954.0,813.0,909.0,36.0,841.5,42.0,254.25,636.0,49.5,732.0,51.75,1518.0,121.5,1860.0,229.5), 5.2420609279800034
frame_9, 
(1716.0,438.75,1653.0,954.0,201.0,999.0,135.0,857.25,66.0,477.0,42.0,254.25,636.0,49.5,732.0,51.75,792.0,54.0,1518.0,121.5,1716.0,438.75), 5.253564436673084
