frame_0, (1878.0,177.75,1833.0,978.75,882.0,1021.5,153.0,1003.5,105.0,843.75,36.0,436.5,33.0,330.75,39.0,130.5,69.0,78.75,93.0,49.5,135.0,22.5,177.0,18.0,1782.0,31.5,1878.0,177.75), 3.939904374536198
frame_1, (1167.0,1050.75,69.0,1028.25,33.0,724.5,24.0,308.25,1029.0,36.0,1128.0,24.75,1293.0,29.25,1677.0,117.0,1869.0,261.0,1887.0,474.75,1872.0,1046.25,1167.0,1050.75), 4.9687361915513915
frame_2, (1887.0,474.75,1833.0,978.75,882.0,1021.5,69.0,1028.25,27.0,517.5,24.0,308.25,69.0,78.75,93.0,49.5,138.0,22.5,998.9999999999999,27.0,1293.0,29.25,1677.0,117.0,1782.0,267.75,1797.0,292.5,1887.0,474.75), 5.144611489780824
frame_3, (1887.0,474.75,1833.0,978.75,882.0,1021.5,69.0,1028.25,27.0,517.5,24.0,308.25,69.0,78.75,93.0,49.5,147.0,40.5,1269.0,29.25,1293.0,29.25,1677.0,117.0,1779.0,249.75,1887.0,474.75), 4.988818197280732
frame_4, (69.0,1028.25,24.0,308.25,93.0,49.5,147.0,40.5,1128.0,24.75,1269.0,29.25,1677.0,117.0,1782.0,267.75,1797.0,292.5,1887.0,474.75,1833.0,978.75,1272.0,1026.0,1122.0,1028.25,69.0,1028.25), 5.0300220422280155
frame_5, (882.0,1021.5,120.0,1012.5,48.0,859.5,24.0,308.25,69.0,78.75,93.0,49.5,138.0,22.5,177.0,18.0,1266.0,20.25,1677.0,117.0,1704.0,141.75,1779.0,249.75,1887.0,474.75,1833.0,978.75,882.0,1021.5), 5.063627583542592
frame_6, (882.0,1021.5,120.0,1012.5,48.0,859.5,36.0,436.5,93.0,49.5,138.0,22.5,998.9999999999999,27.0,1269.0,29.25,1644.0,114.75,1869.0,261.0,1887.0,474.75,1833.0,978.75,1812.0,992.25,882.0,1021.5), 4.986291663843208
frame_7, (1887.0,474.75,1833.0,978.75,882.0,1021.5,69.0,1028.25,30.0,515.25,24.0,308.25,93.0,49.5,138.0,22.5,1128.0,24.75,1293.0,29.25,1815.0,103.5,1887.0,474.75), 5.151100270922832
frame_8, (1095.0,1046.25,69.0,1028.25,48.0,859.5,33.0,515.25,24.0,308.25,93.0,49.5,138.0,22.5,1266.0,20.25,1815.0,94.5,1887.0,474.75,1833.0,978.75,1269.0,1030.5,1095.0,1046.25), 5.2420609279800034
frame_9, (1887.0,474.75,1872.0,1044.0,114.0,1014.75,51.0,859.5,24.0,308.25,93.0,49.5,138.0,22.5,1128.0,24.75,1293.0,29.25,1677.0,117.0,1881.0,243.0,1887.0,474.75), 5.253564436673084
frame_10, (1887.0,474.75,1833.0,978.75,1269.0,1026.0,291.0,1050.75,69.0,1028.25,30.0,515.25,24.0,308.25,69.0,78.75,93.0,49.5,138.0,22.5,1266.0,20.25,1839.0,141.75,1887.0,474.75), 5.248863704623271
frame_11, (69.0,1028.25,24.0,308.25,63.0,54.0,138.0,22.5,177.0,18.0,1269.0,22.5,1839.0,141.75,1758.0,654.75,1101.0,987.75,882.0,1021.5,618.0,1050.75,288.0,1041.75,69.0,1028.25), 5.192159095832586
frame_12, (1893.0,402.75,1872.0,1044.0,618.0,1050.75,69.0,1028.25,33.0,724.5,42.0,366.75,93.0,49.5,138.0,22.5,177.0,18.0,1128.0,24.75,1293.0,29.25,1545.0,92.25,1881.0,243.0,1893.0,402.75), 5.259908955242598
frame_13, (1167.0,1053.0,69.0,1028.25,36.0,686.25,24.0,308.25,69.0,78.75,93.0,49.5,138.0,22.5,177.0,18.0,1128.0,24.75,1293.0,29.25,1599.0,117.0,1881.0,243.0,1887.0,474.75,1776.0,760.5,1272.0,1023.75,1167.0,1053.0), 5.0484454346415735
frame_14, (618.0,1050.75,192.0,990.0,69.0,715.5,30.0,515.25,39.0,130.5,69.0,78.75,138.0,22.5,1293.0,29.25,1701.0,135.0,1782.0,267.75,1887.0,474.75,1758.0,654.75,1272.0,1026.0,618.0,1050.75), 5.254479262973013
