frame_0, 
(39.0,335.25,57.0,18.0,1299.0,27.0,1503.0,83.25,1779.0,441.0,1836.0,983.25,1746.0,1046.25,267.0,857.25,63.0,517.5,39.0,335.25), 2.895866819113269
frame_1, 
(1749.0,936.0,486.0,576.0,150.0,195.75,57.0,18.0,1299.0,27.0,1503.0,83.25,1779.0,438.75,1872.0,627.75,1860.0,819.0,1749.0,936.0), 2.9605632709241383
frame_10, 
(1797.0,960.75,36.0,576.0,57.0,18.0,1038.0,24.75,1527.0,31.5,1845.0,227.25,1797.0,960.75), 2.7929088961085227
frame_11, 
(645.0,1030.5,36.0,576.0,57.0,18.0,1338.0,18.0,1821.0,72.0,1860.0,112.5,1797.0,960.75,645.0,1030.5), 2.8549460363097765
frame_12, 
(279.0,675.0,57.0,18.0,1275.0,22.5,1527.0,31.5,1602.0,276.75,1749.0,936.0,279.0,675.0), 2.8390572901084234
frame_13, 
(1749.0,936.0,33.0,576.0,57.0,18.0,696.0,18.0,1275.0,22.5,1527.0,31.5,1812.0,330.75,1749.0,936.0), 2.892310280886828
frame_14, 
(1797.0,960.75,33.0,576.0,57.0,18.0,654.0,18.0,1275.0,22.5,1527.0,31.5,1845.0,216.0,1797.0,960.75), 2.8622031634810985
frame_2, 
(33.0,576.0,57.0,18.0,1275.0,22.5,1374.0,24.75,1503.0,83.25,1593.0,234.0,1881.0,729.0,1749.0,936.0,618.0,850.5,33.0,576.0), 2.903556841624323
frame_3, 
(36.0,576.0,150.0,195.75,519.0,123.75,1239.0,38.25,1872.0,24.75,1860.0,819.0,1749.0,936.0,1638.0,949.5,279.0,675.0,36.0,576.0), 2.803624796043392
frame_4, 
(1857.0,20.25,1881.0,729.0,1749.0,936.0,1638.0,949.5,36.0,576.0,294.0,303.75,654.0,18.0,1857.0,20.25), 2.8550412603201853
frame_5, 
(1866.0,18.0,1749.0,936.0,1638.0,949.5,1026.0,956.25,279.0,675.0,36.0,576.0,297.0,303.75,519.0,121.5,654.0,18.0,1866.0,18.0), 2.7995696157245114
frame_6, 
(1026.0,956.25,36.0,576.0,57.0,18.0,1854.0,40.5,1749.0,936.0,1638.0,949.5,1026.0,956.25), 2.449890977823493
frame_7, 
(36.0,576.0,30.0,452.25,39.0,335.25,105.0,222.75,234.0,155.25,750.0,56.25,912.0,38.25,1038.0,24.75,1299.0,27.0,1599.0,99.0,1740.0,146.25,1860.0,810.0,1869.0,924.75,1758.0,987.75,1203.0,1017.0,75.0,1001.25,36.0,576.0), 2.8680433279746613
frame_8, 
(645.0,1030.5,36.0,576.0,968.9999999999999,103.5,1338.0,18.0,1503.0,83.25,1689.0,265.5,1860.0,819.0,1749.0,936.0,1638.0,949.5,645.0,1030.5), 2.859726729757002
frame_9, 
(645.0,1030.5,36.0,576.0,654.0,18.0,1338.0,18.0,1503.0,83.25,1812.0,330.75,1860.0,819.0,1746.0,1046.25,645.0,1030.5), 2.871180678915876
