frame_0, (84.0,567.0,234.0,166.5,549.0,58.5,888.0,40.5,1119.0,49.5,1779.0,375.75,1893.0,643.5,1857.0,760.5,1695.0,1046.25,828.0,900.0,84.0,567.0), 2.895866819113269
frame_1, (42.0,769.5,33.0,20.25,261.0,18.0,998.9999999999999,18.0,1308.0,51.75,1848.0,312.75,1674.0,663.75,42.0,769.5), 2.9605632709241383
frame_2, (1827.0,155.25,1893.0,735.75,1692.0,1044.0,342.0,1026.0,42.0,969.75,45.0,580.5,234.0,166.5,516.0,58.5,855.0,22.5,1104.0,40.5,1827.0,155.25), 2.903556841624323
frame_3, (84.0,567.0,234.0,166.5,489.0,49.5,888.0,40.5,1104.0,40.5,1692.0,229.5,1776.0,312.75,1794.0,330.75,1893.0,733.5,1887.0,1050.75,342.0,1023.75,87.0,918.0,84.0,567.0), 2.803624796043392
frame_4, (1827.0,155.25,1887.0,1050.75,1701.0,1048.5,342.0,1026.0,87.0,918.0,63.0,697.5,84.0,567.0,234.0,166.5,489.0,49.5,1104.0,40.5,1827.0,155.25), 2.8550412603201853
frame_5, (1827.0,155.25,1887.0,1050.75,342.0,1026.0,87.0,918.0,84.0,567.0,234.0,166.5,549.0,58.5,927.0,24.75,1104.0,40.5,1827.0,155.25), 2.7995696157245114
frame_6, (1560.0,956.25,342.0,1026.0,84.0,920.25,84.0,567.0,234.0,166.5,549.0,58.5,1104.0,40.5,1827.0,155.25,1815.0,436.5,1794.0,596.25,1776.0,717.75,1668.0,884.25,1605.0,927.0,1560.0,956.25), 2.449890977823493
frame_7, (84.0,567.0,234.0,166.5,549.0,58.5,852.0,22.5,927.0,24.75,1104.0,40.5,1827.0,155.25,1893.0,537.75,1854.0,760.5,1605.0,927.0,1560.0,956.25,342.0,1026.0,87.0,920.25,84.0,567.0), 2.8680433279746613
frame_8, (84.0,567.0,234.0,166.5,549.0,58.5,852.0,22.5,927.0,24.75,1104.0,40.5,1827.0,155.25,1854.0,760.5,1605.0,927.0,1560.0,956.25,342.0,1023.75,87.0,918.0,84.0,567.0), 2.859726729757002
frame_9, (998.9999999999999,18.0,1827.0,155.25,1812.0,436.5,1773.0,717.75,1671.0,882.0,1605.0,927.0,1560.0,956.25,1524.0,978.75,342.0,1026.0,42.0,969.75,84.0,567.0,234.0,166.5,549.0,58.5,858.0,20.25,998.9999999999999,18.0), 2.871180678915876
frame_10, (84.0,567.0,234.0,166.5,549.0,58.5,852.0,22.5,927.0,24.75,1029.0,33.75,1104.0,40.5,1692.0,229.5,1809.0,411.75,1854.0,760.5,1692.0,1044.0,342.0,1026.0,87.0,918.0,84.0,567.0), 2.7929088961085227
frame_11, (1794.0,330.75,1854.0,760.5,1761.0,823.5,1605.0,927.0,1560.0,956.25,1524.0,978.75,342.0,1026.0,42.0,969.75,84.0,567.0,234.0,164.25,330.0,101.25,549.0,58.5,849.0,22.5,1029.0,33.75,1308.0,51.75,1794.0,330.75), 2.8549460363097765
frame_12, (45.0,580.5,78.0,258.75,234.0,164.25,549.0,58.5,849.0,22.5,927.0,27.0,1104.0,40.5,1692.0,229.5,1794.0,330.75,1812.0,436.5,1815.0,738.0,1689.0,1044.0,342.0,1026.0,57.0,929.25,45.0,580.5), 2.8390572901084234
frame_13, (1821.0,783.0,1689.0,1044.0,342.0,1026.0,42.0,969.75,36.0,895.5,45.0,580.5,234.0,166.5,549.0,58.5,849.0,22.5,1308.0,51.75,1734.0,414.0,1794.0,596.25,1815.0,738.0,1821.0,783.0), 2.892310280886828
frame_14, (1854.0,760.5,1689.0,1044.0,342.0,1026.0,57.0,929.25,84.0,567.0,234.0,166.5,549.0,58.5,888.0,40.5,1311.0,51.75,1692.0,229.5,1794.0,330.75,1854.0,760.5), 2.8622031634810985
