frame_0, (39.0,490.5,168.0,31.5,1869.0,328.5,1875.0,911.25,783.0,1055.25,303.0,891.0,156.0,684.0,39.0,490.5), 2.895866819113269
frame_1, (1674.0,1050.75,66.0,956.25,84.0,812.25,129.0,598.5,1827.0,321.75,1869.0,328.5,1818.0,877.5,1749.0,1041.75,1674.0,1050.75), 2.9605632709241383
frame_2, (1674.0,1050.75,147.0,1005.75,189.0,787.5,402.0,578.25,1827.0,321.75,1869.0,328.5,1887.0,553.5,1749.0,1041.75,1674.0,1050.75), 2.903556841624323
frame_3, (189.0,787.5,402.0,578.25,1203.0,117.0,1827.0,321.75,1833.0,576.0,1800.0,771.75,1749.0,1041.75,1674.0,1050.75,1296.0,1055.25,873.0,1035.0,189.0,787.5), 2.803624796043392
frame_4, (60.0,405.0,1206.0,117.0,1779.0,697.5,1800.0,771.75,1749.0,1041.75,1674.0,1050.75,1053.0,1059.75,834.0,1059.75,330.0,751.5,129.0,598.5,60.0,405.0), 2.8550412603201853
frame_5, (1674.0,1050.75,1053.0,1059.75,546.0,857.25,126.0,598.5,60.0,405.0,1206.0,117.0,1827.0,321.75,1866.0,346.5,1818.0,877.5,1674.0,1050.75), 2.7995696157245114
frame_6, (126.0,598.5,1866.0,346.5,1818.0,877.5,1749.0,1041.75,1674.0,1050.75,1053.0,1059.75,891.0,1057.5,699.0,1028.25,126.0,598.5), 2.449890977823493
frame_7, (63.0,402.75,261.0,272.25,1866.0,346.5,1818.0,877.5,1749.0,1041.75,1674.0,1050.75,1059.0,1044.0,231.0,911.25,189.0,787.5,63.0,402.75), 2.8680433279746613
frame_8, (1278.0,173.25,1866.0,346.5,1818.0,877.5,1749.0,1041.75,1674.0,1050.75,1335.0,1059.75,189.0,787.5,60.0,405.0,261.0,272.25,1278.0,173.25), 2.859726729757002
frame_9, (189.0,787.5,60.0,405.0,231.0,276.75,525.0,159.75,1278.0,173.25,1866.0,346.5,1818.0,877.5,1749.0,1041.75,1674.0,1050.75,1335.0,1059.75,978.0,1053.0,189.0,787.5), 2.871180678915876
frame_10, (1167.0,189.0,1839.0,402.75,1818.0,877.5,1749.0,1041.75,1674.0,1050.75,1077.0,1039.5,291.0,821.25,189.0,787.5,45.0,490.5,42.0,303.75,525.0,159.75,1167.0,189.0), 2.7929088961085227
frame_11, (651.0,119.25,1278.0,173.25,1782.0,697.5,1797.0,771.75,1818.0,877.5,1749.0,1041.75,1674.0,1050.75,1317.0,1059.75,960.0,978.75,189.0,787.5,57.0,465.75,60.0,405.0,261.0,272.25,525.0,159.75,651.0,119.25), 2.8549460363097765
frame_12, (189.0,123.75,1839.0,402.75,1818.0,877.5,1749.0,1041.75,1677.0,1050.75,1023.0,983.25,546.0,850.5,189.0,123.75), 2.8390572901084234
frame_13, (657.0,459.0,1869.0,328.5,1800.0,771.75,1749.0,1041.75,1677.0,1050.75,1197.0,1046.25,543.0,987.75,333.0,751.5,402.0,578.25,657.0,459.0), 2.892310280886828
frame_14, (60.0,465.75,189.0,123.75,1839.0,402.75,1800.0,771.75,1749.0,1041.75,1677.0,1050.75,543.0,987.75,99.0,603.0,60.0,465.75), 2.8622031634810985
