frame_0, 
(762.0,24.75,468.0,78.75,381.0,108.0,84.0,222.75,467.9600568509406,746.032706051139,1329.970699195171,888.8940203722334,1656.0,857.25,1846.5581080117,164.93012056788191,1809.0,31.5,1676.25,24.75,762.0,24.75), 1.735404358387573
frame_1, 
(1781.6762589928055,152.7944244604315,1734.0,56.25,959.6966292134832,26.469101123595507,762.0,24.75,408.0,96.75,381.0,108.0,201.0,231.75,217.1612850172688,415.29602269612406,464.55235137533276,745.4679458740018,1845.0,974.25,1809.6992481203008,282.57589285714283,1781.6762589928055,152.7944244604315), 1.591279479597512
frame_10, 
(965.3406593406594,30.931318681318682,759.0,45.0,660.0,58.5,408.0,96.75,381.0,108.0,279.0,267.75,345.0,526.5,369.0,567.0,396.0,609.75,1262.023677979479,872.0552486187845,1800.0,780.75,1773.2628508931828,305.4971746263215,1710.0,236.25,1678.4762212876092,213.34600452927856,1289.4840294840294,68.18550368550369,1122.0,47.25,965.3406593406594,30.931318681318682), 1.6590112708869371
frame_11, 
(1017.0,36.0,660.0,58.5,408.0,96.75,381.0,108.0,183.0,238.5,345.0,526.5,396.0,609.75,1146.0,906.75,1786.6404917639807,783.3238502106093,1671.0,405.0,1614.0,288.0,1555.183215334139,170.8259367984804,1272.0,69.75,1208.0129032258064,56.51129032258065,1050.0,36.0,1017.0,36.0), 1.6614460742565824
frame_12, 
(1437.0,146.25,1119.0,47.25,1050.0,38.25,950.3076923076924,28.903846153846157,906.4999999999999,27.937499999999996,840.0,31.5,660.0,58.5,405.0,99.0,381.0,108.0,349.67078552515443,157.06707855251545,283.82088024564996,291.25179119754347,303.0,384.75,322.3228346456693,449.96456692913387,483.00000000000006,589.5,1200.0,733.5,1720.6438968481375,821.0220343839541,1800.0,780.75,1620.0,252.0,1437.0,146.25), 1.6945197128170986
frame_13, 
(1050.0,38.25,870.8,29.849999999999998,840.0,31.5,660.0,58.5,405.0,99.0,381.0,108.0,183.0,238.5,281.7637444279346,414.7421991084695,483.00000000000006,589.5,1200.0,733.5,1800.0,780.75,1630.989200863931,284.28077753779695,1437.0,146.25,1050.0,38.25), 1.6930743986469303
frame_14, 
(384.0,591.75,1013.1659553849307,897.5370720661957,1425.0101018010964,853.2130383711824,1494.0,756.0,1767.0,247.5,1578.0,101.25,1205.353666450357,28.426508760545104,1176.33714880333,26.89932362122789,958.2461538461538,25.165384615384614,840.0,31.5,307.92263254113345,105.84921389396709,84.0,222.75,384.0,591.75), 1.6797655387074992
frame_2, 
(1185.0,51.75,1050.0,36.0,1005.0,36.0,759.0,45.0,564.0,58.5,408.0,96.75,381.0,108.0,183.0,238.5,357.0,546.75,372.0,571.5,1494.0,756.0,1800.0,780.75,1770.0,249.75,1734.0,236.25,1185.0,51.75), 1.7057192761995392
frame_3, 
(1185.0,51.75,1050.0,36.0,840.0,31.5,660.0,56.25,408.0,96.75,381.0,108.0,282.0,267.75,351.0,598.5,1800.0,780.75,1767.0,247.5,1734.0,236.25,1185.0,51.75), 1.6069976341222785
frame_4, 
(1638.0,693.0,1760.4557366033935,270.10053754409546,1757.185148709868,243.66328540476658,1272.0,54.0,1050.0,36.0,759.0,45.0,660.0,56.25,408.0,96.75,381.0,108.0,282.0,267.75,339.8950276243094,505.53314917127074,423.0,578.25,1338.9305551456482,859.0026266859486,1560.1467569338283,821.4578510591832,1638.0,693.0), 1.6842524573285371
frame_5, 
(1356.0,670.5,1497.0,616.5,1767.0,247.5,1578.0,92.25,1050.0,36.0,762.0,24.75,408.0,96.75,381.0,108.0,202.85822140983868,225.41162679806087,284.39528145695357,331.3818812086093,985.18646123984,640.4572364430427,1356.0,670.5), 1.693954426478054
frame_6, 
(185.51625680805412,236.8415580128734,187.9876049580168,247.36685325869652,345.0,526.5,384.0,591.75,1146.0,906.75,1494.0,756.0,1638.0,693.0,1760.0338962605547,271.5573582629674,1756.6589459602403,243.64560713063497,1272.0,63.0,1050.0,36.0,1020.0,36.0,762.0,45.0,660.0,56.25,542.8421052631579,75.07894736842104,368.48955223880597,116.2455223880597,185.51625680805412,236.8415580128734), 1.681207752395367
frame_7, 
(595.370109044259,54.72305965362412,408.0,96.75,381.0,108.0,259.5386558868115,188.05406771096514,236.39508832399827,333.42460146488577,345.0,526.5,384.0,591.75,867.0,816.75,919.8244007541072,833.7901292755183,1200.0,733.5,1581.0,582.75,1671.0,405.0,1746.9987179803259,238.91659475851185,1186.843619246862,29.883106694560666,831.2072936660269,23.13051823416507,773.2075471698114,24.049528301886795,762.0,24.75,595.370109044259,54.72305965362412), 1.6744116231034492
frame_8, 
(183.0,238.5,345.0,528.75,384.0,591.75,1494.0,756.0,1638.0,693.0,1770.0,247.5,1178.476161275487,26.760616280852368,1142.3248361252731,24.928623452294246,1061.71875,24.360085227272727,759.0,45.0,503.20548819400125,71.30145181876198,266.0230946882217,113.96535796766743,183.0,238.5), 1.6878228823865067
frame_9, 
(1780.898016997167,441.2122521246459,1770.0,247.5,1122.0,47.25,1050.0,38.25,759.0,45.0,660.0,58.5,408.0,96.75,381.0,108.0,183.0,238.5,369.0,569.25,381.0,589.5,396.0,609.75,1059.4233864434243,810.6907372400756,1701.0,607.5,1780.898016997167,441.2122521246459), 1.6802749458076494
