frame_0, (171.0,256.5,49.27662282562579,402.1333262621977,50.57930915964942,674.7204416566422,150.0,816.75,942.0,965.25,1308.0,1005.75,1429.5756154747949,999.0184642438453,1781.6707317073171,961.7378048780488,1792.696241876236,953.7749364227183,1878.0,603.0,1880.5198711063372,259.03759398496237,1869.0,222.75,1851.0,184.5,1749.0,135.0,1611.0,94.5,1467.0,60.75,221.98831273508875,239.17524180548094,171.0,256.5), 1.735404358387573
frame_1, (1849.2532347504618,137.7532347504621,1413.0,92.25,1294.0388692579504,81.4571554770318,973.2594936708861,76.22705696202533,412.9821130817038,222.8464074579354,45.0,407.25,51.0,501.75,156.0,803.25,594.0,918.0,942.0,965.25,1308.0,1005.75,1313.028780288314,1006.2175518863103,1863.0,722.25,1865.9231754161333,154.42317541613306,1849.2532347504618,137.7532347504621), 1.591279479597512
frame_2, (156.0,618.75,594.0,918.0,1308.0,1005.75,1791.0,960.75,1818.0,949.5,1824.9397590361446,942.777108433735,1836.0,922.5,1836.0,427.5,1521.0,110.25,1371.4869109947645,82.71989528795811,808.0776287932251,73.53387438249823,604.4654237288136,126.8900847457627,149.2644256696027,355.0008987956139,81.46583015908583,424.2119650459332,58.06767172016601,483.7621961548234,156.0,618.75), 1.7057192761995392
frame_3, (156.0,616.5,594.0,918.0,1308.0,1005.75,1791.0,960.75,1521.0,110.25,1358.8701357878429,80.39674655973755,809.2006387589826,73.23959165050759,604.4654237288136,126.8900847457627,70.56160569262897,394.44054064506145,49.125977410947,467.3216768027802,156.0,616.5), 1.6069976341222785
frame_4, (156.0,618.75,189.0,632.25,1308.0,1005.75,1318.3805732484077,1005.4651671974522,1572.0,884.25,1803.0,564.75,1890.0,432.0,1890.0,411.75,1884.0,366.75,1863.0,303.75,1521.0,110.25,1057.7968267959454,60.310907888937855,1023.9137573596483,61.46293224977196,522.0,148.5,116.49863760217991,344.4094005449591,109.96643047973052,350.1505982111744,58.46938775510205,480.5816326530612,156.0,618.75), 1.6842524573285371
frame_5, (234.0,238.5,127.34285714285716,334.99931972789113,51.0,499.5,117.0,621.0,594.0,918.0,964.8972559029994,963.5829610721123,1500.0,756.0,1836.0,427.5,1855.2615336167532,166.02468115257437,1578.0,83.25,1147.8838304552592,77.64952904238619,769.1276854769408,83.74063663706674,522.0,148.5,234.0,238.5), 1.693954426478054
frame_6, (156.0,616.5,594.0,918.0,1308.0,1005.75,1890.0,411.75,1873.1803278688524,137.3790983606566,1871.3999999999999,128.70000000000002,1857.737704918033,87.71311475409836,1542.0,85.5,1154.1122635753509,88.18125163427176,571.7750371634643,143.7502615206739,153.20848708487085,354.91051660516604,71.83180147058823,459.53768382352945,156.0,616.5), 1.681207752395367
frame_7, (1872.1370558375636,131.60786802030458,1857.2721189591077,87.70985130111524,1542.0,85.5,1161.5906357937827,87.46763464244596,522.0,148.5,119.96400846859561,342.73517995765695,66.39565943238732,390.44449081803003,45.0,441.11842105263156,45.0,465.75,156.0,616.5,804.0,839.25,1308.0,1005.75,1320.4023263770098,1004.4988881286349,1572.0,884.25,1803.0,564.75,1890.0,411.75,1873.114006514658,136.2972312703574,1872.1370558375636,131.60786802030458), 1.6744116231034492
frame_8, (48.0,465.75,51.0,499.5,156.0,616.5,594.0,918.0,1218.9294170203261,994.8033002010275,1571.905592695255,981.1625224196968,1791.0,960.75,1821.0,951.75,1890.0,411.75,1872.0550458715595,208.1869266055046,1851.0,184.5,1800.0,148.5,1712.6788263283108,122.83465503568596,1317.3889980353633,79.86836935166994,907.44166175604,74.54898350029464,581.8312736443884,137.0207440100883,63.159595766993995,398.10885213080365,46.54873646209386,437.4503610108303,48.0,465.75), 1.6878228823865067
frame_9, (156.0,616.5,594.0,918.0,1308.0,1005.75,1821.0,954.0,1887.0,420.75,1893.0,234.0,1885.4096385542168,173.90963855421685,1779.0,67.5,1439.2053660754889,68.93171896316507,55.514783458994884,476.2393852448471,156.0,616.5), 1.6802749458076494
frame_10, (1836.0,922.5,1893.0,234.0,1879.4516129032259,167.9516129032258,1779.0,67.5,1424.0,69.00000000000001,526.1421964564877,148.1349172746222,231.0,267.75,76.84615384615385,383.36538461538464,46.98086124401914,447.3624401913876,48.0,468.0,156.0,616.5,189.0,632.25,1308.0,1005.75,1791.0,960.75,1821.0,954.0,1836.0,922.5), 1.6590112708869371
frame_11, (60.8932480952798,463.95023644802524,156.0,803.25,635.9501187648456,1022.6924339807182,1308.0,1005.75,1821.0,954.0,1836.0,922.5,1893.0,234.0,1887.0,175.5,1779.0,67.5,1524.358320162565,68.57292842628134,525.0,166.5,60.8932480952798,463.95023644802524), 1.6614460742565824
frame_12, (234.0,267.75,69.0,409.5,48.0,468.0,156.0,803.25,584.4180896883711,999.1309982265012,864.8754863813226,1016.9212062256809,1208.2654185022027,1008.2643171806167,1399.423890784983,991.3351535836177,1822.4148444505759,924.6419776505485,1859.1726457399102,161.917600896861,1698.0,83.25,1629.0,76.5,1454.29501139529,75.64079513800961,465.6705348950181,173.27185998812544,234.0,267.75), 1.6945197128170986
frame_13, (51.36817262306136,478.45536918408635,156.0,803.25,635.9501187648456,1022.6924339807182,1308.0,1005.75,1791.0,960.75,1821.0,954.0,1836.0,922.5,1865.4464944649449,153.94649446494466,1797.4626168224302,85.96261682242991,1698.0,83.25,1346.675485935336,79.23333253737046,717.0,150.75,476.07615894039736,196.4950331125828,69.0,409.5,49.910969011313334,462.6765863256271,51.36817262306136,478.45536918408635), 1.6930743986469303
frame_14, (261.0,312.75,69.0,409.5,156.0,616.5,669.0421644413211,1021.85818072837,1208.2654185022027,1008.2643171806167,1786.3648780487806,957.0673170731708,1836.0,922.5,1887.0,429.75,1884.0,366.75,1873.8646788990827,171.64506880733947,1611.0,94.5,1542.0,85.5,1484.671584098727,79.980203198695,451.13881822806894,241.86984882622284,261.0,312.75), 1.6797655387074992
