frame_0, (435.0,78.75,54.0707703649097,277.8720973092518,81.72435876702137,919.2226283274573,1455.0,1026.0,1515.0330661322646,1022.0692635270542,1805.6417489421722,960.9351198871649,1884.0,182.25,1542.0,45.0,1188.9170191045646,33.11047105148024,624.0,58.5,435.0,78.75), 1.735404358387573
frame_1, (195.0,272.25,69.0,814.5,350.9586585718416,988.8408499566349,1191.0478359908884,1041.8371298405466,1412.666015625,1028.5400390625,1557.0,949.5,1818.6457235508715,777.7949939197407,1851.2180603361003,359.9261996355537,1839.0,252.0,1752.0,159.75,1478.987919463087,45.160067114093955,1227.8468468468468,31.70608108108108,435.0,78.75,195.0,272.25), 1.591279479597512
frame_2, (78.0,360.0,57.11093627065303,575.1573564122739,87.0,810.0,358.71207139502116,989.329967120714,1112.3185168639714,1036.870560643288,1391.3610402783845,1028.018758541018,1802.9959161448407,587.8350122515654,1805.8821635544107,174.38007083065037,1797.3762523191094,154.44434137291282,1425.0,22.5,108.0,92.25,78.0,360.0), 1.7057192761995392
frame_3, (1503.0,81.0,1194.0,54.0,774.0,40.5,435.0,78.75,78.0,360.0,52.09345794392524,626.8373831775701,69.0,814.5,84.0,972.0,1112.974587605885,1036.9119482835488,1390.8654556975393,1028.123231069807,1803.05285439802,579.6786074836357,1806.0,157.5,1531.7953667953666,83.67567567567569,1503.0,81.0), 1.6069976341222785
frame_4, (195.0,272.25,180.0,292.5,61.09257600505822,722.022735655198,81.57610817846555,945.5492804975053,1368.0,1053.0,1464.3753213367609,1013.0899742930591,1807.3126504412944,318.6418828563787,1809.0,157.5,1674.0,119.25,1425.0,62.87264150943396,774.0,40.5,195.0,272.25), 1.6842524573285371
frame_5, (1805.5876344086023,216.57137096774193,1752.0,159.75,1563.370018975332,80.57732447817837,1356.0,47.25,1224.0,31.5,1160.984979517524,29.799954483386436,774.0,40.5,195.0,272.25,180.0,292.5,69.0,814.5,233.26690391459073,981.4163701067615,1197.2786579683132,1042.2301957129544,1399.143451143451,1033.7800415800416,1801.616778341997,785.3965025089391,1805.5876344086023,216.57137096774193), 1.693954426478054
frame_6, (195.0,272.25,46.305475504322764,400.29250720461096,38.913544668587896,477.90778097982707,69.0,814.5,84.0,972.0,1191.2226628895185,1041.8481586402268,1406.8237979306148,1029.0401704199635,1801.616778341997,785.3965025089391,1805.4700680272108,233.41275510204082,1425.0,22.5,774.0,40.5,195.0,272.25), 1.681207752395367
frame_7, (195.0,272.25,61.56241532804334,726.3084478420747,71.8348134991119,838.7912078152754,273.0,918.0,1204.2782709378619,1032.8151292937089,1514.9757190345424,962.2949848243966,1801.616778341997,785.3965025089391,1805.4700680272108,233.41275510204082,1481.9911504424779,54.0929203539823,1395.745450988065,26.567697123850518,357.0,171.0,195.0,272.25), 1.6744116231034492
frame_8, (195.0,272.25,58.69062841104007,736.0805005457665,84.0,972.0,1191.2226628895185,1041.8481586402268,1413.6252346977094,1028.6361246714232,1743.0,852.75,1802.2257045035553,803.8887937845666,1808.3292074799645,219.47838379341053,1752.0,159.75,1546.0676826535184,73.31510533393097,1389.4769765421372,24.518353605560385,435.0,78.75,195.0,272.25), 1.6878228823865067
frame_9, (42.0,580.5,84.0,972.0,239.62692423785086,1007.2013281014187,1044.4797855706947,1039.86888541434,1413.6658742165548,1028.6939701750593,1740.0,855.0,1801.4843572534846,804.3658234383065,1805.5876344086023,216.57137096774193,1752.0,159.75,1710.9813874788495,133.51015228426397,1503.0,81.0,1485.0,76.5,1356.0,47.25,1224.0,31.5,990.8118081180811,24.596402214022138,624.6076203208556,26.36455548128342,228.0,49.5,81.0,67.5,36.67209775967413,501.9134419551935,42.0,580.5), 1.6802749458076494
frame_10, (1805.5876344086023,216.57137096774193,1752.0,159.75,1558.2751091703058,78.43886462882095,1399.9769412937803,27.91817275333416,708.0,177.75,459.0,254.25,48.23038345000523,575.625509351165,45.77103390539975,615.6514231896191,84.0,972.0,1016.0612193270933,1030.7982544902607,1209.0,1021.5,1520.8624192059094,958.6620498614958,1801.616778341997,785.3965025089391,1805.5876344086023,216.57137096774193), 1.6590112708869371
frame_11, (69.0,814.5,84.0,972.0,1170.2966613672497,1040.5280604133545,1546.8436736687836,955.0617977528088,1557.0,949.5,1638.0,904.5,1801.5813320128743,790.4741891557317,1806.0,157.5,1425.0,22.5,751.5,22.5,585.0,29.25,228.0,49.5,81.0,67.5,38.81294964028777,480.93309352517986,69.0,814.5), 1.6614460742565824
frame_12, (459.0,254.25,255.0,522.0,69.0,814.5,84.0,972.0,1197.2786579683132,1042.2301957129544,1405.3147340889275,1033.5217088055797,1743.0,857.25,1801.4641314652904,807.2631675971769,1806.0,157.5,1386.348600508906,23.568702290076338,774.0,40.5,459.0,254.25), 1.6945197128170986
frame_13, (99.0,400.5,62.05246589716685,637.3001049317944,84.0,972.0,1368.0,1053.0,1638.0,904.5,1830.8811103706064,771.7524122743472,1806.0,157.5,1389.347266881029,24.52572347266881,435.0,78.75,99.0,400.5), 1.6930743986469303
frame_14, (1806.0,157.5,1681.08,107.05153846153846,1383.0,22.5,708.0,177.75,459.0,254.25,255.0,522.0,69.49559151245035,813.7206423796144,84.0,972.0,1368.0,1053.0,1801.6298076923078,783.530048076923,1806.0,157.5), 1.6797655387074992
