frame_0, (1531.0936618673,57.900178120825295,1044.7416653245289,26.430343050410695,379.2026847862115,47.5028173682466,245.99999999999997,141.75,112.09756097560977,332.5609756097561,39.0,661.5,30.0,821.25,48.0,938.25,264.0,999.0,664.9401197604791,1027.775606681374,1845.0,1041.75,1809.0,126.0,1784.5809641532758,104.02286773794808,1531.0936618673,57.900178120825295), 1.735404358387573
frame_1, (30.0,821.25,48.0,938.25,264.0,999.0,1751.5930085533655,909.8273707698028,1845.0,872.0061349693251,1845.0,51.75,1834.8927444794951,46.69637223974763,1372.1313131313132,21.348484848484848,1235.9366197183099,20.963028169014084,1197.0,22.5,1071.0,29.25,717.0,65.25,228.0,200.25,219.0,216.0,39.0,661.5,30.0,821.25), 1.591279479597512
frame_2, (48.0,938.25,264.0,999.0,870.3347639484978,1036.274678111588,1494.0,1030.5,1848.1912385387864,912.2056605661475,1856.5997111913357,570.8742238267148,1809.0,126.0,1772.4285091543156,63.075523103748914,1698.0,58.5,1011.4354838709677,21.719758064516125,405.0,29.25,228.0,200.25,219.0,216.0,75.64482306684141,570.8040629095675,42.04575163398693,755.156862745098,48.0,938.25), 1.7057192761995392
frame_3, (1680.0,1037.25,1847.5043782837129,923.042469352014,1853.6006051437216,634.0813161875946,1788.0,195.75,1759.7881921280855,59.17920280186791,1752.0,58.5,1097.6,27.825,1071.0,29.25,540.0,58.5,228.0,200.25,219.0,218.25,87.0,508.5,30.0,821.25,69.0,922.5,135.0,960.75,264.0,999.0,1679.5364383561644,1037.275890410959,1680.0,1037.25), 1.6069976341222785
frame_4, (264.0,999.0,1500.7872962808192,1032.4425407438362,1758.0,981.0,1860.0,330.75,1809.0,126.0,1059.2585337144778,29.896775685219435,856.554467950742,41.06267761288286,240.0,141.75,30.0,821.25,48.0,938.25,100.9090909090909,991.1590909090909,264.0,999.0), 1.6842524573285371
frame_5, (48.0,938.25,264.0,999.0,1494.0,1030.5,1677.0,843.75,1860.0,330.75,1823.6016597510372,107.54253112033196,1764.0,76.5,1093.9090909090908,28.176136363636363,1071.0,29.25,540.0,58.5,228.0,200.25,219.0,218.25,30.0,821.25,48.0,938.25), 1.693954426478054
frame_6, (912.109326519438,1039.5710439861289,1494.0,1030.5,1848.5778910403355,872.1579646880945,1853.7084398976983,628.9699488491049,1809.0,126.0,1761.0,76.5,1565.5664739884396,63.11705202312139,1089.8460201976327,53.113584536866114,234.0,189.0,219.0,218.25,30.0,821.25,69.0,922.5,139.4205920956686,994.1781026688055,912.109326519438,1039.5710439861289), 1.681207752395367
frame_7, (289.66406250000006,1000.423828125,1410.962178517398,1036.9878971255673,1653.0,738.0,1809.0,126.0,1767.0,85.5,1749.0,72.0,753.6960098724804,46.72860962566845,540.0,58.5,340.64807804309845,91.42050087361677,228.0,200.25,219.0,218.25,30.0,821.25,48.0,938.25,264.0,999.0,289.66406250000006,1000.423828125), 1.6744116231034492
frame_8, (1815.0,580.5,1809.8298987076491,95.80300384212363,1749.0,72.0,827.2035484924348,42.67946554914553,540.0,58.5,228.0,200.25,219.0,218.25,40.01918702403323,789.284022351894,38.62969588550984,877.3430232558139,48.0,938.25,188.5475938778325,1045.8119340901778,604.2857142857135,1050.75,1399.9857142857145,1050.75,1815.0,580.5), 1.6878228823865067
frame_9, (1860.0,330.75,1854.4772727272725,241.0056818181818,1828.3298969072166,103.73195876288662,1749.0,72.0,1098.1974317817017,27.975120385232742,1071.0,29.25,901.3885456670562,38.59300384037402,528.0,121.5,234.0,189.0,228.0,200.25,219.0,218.25,30.0,821.25,48.0,938.25,264.0,999.0,452.4626865671642,1010.5858208955224,516.1165172855316,1014.0265685019206,1851.2420749279538,861.3393371757925,1884.9887730553328,818.0310745789895,1860.0,330.75), 1.6802749458076494
frame_10, (1749.0,69.75,1101.2075782537065,27.834019769357496,1071.0,29.25,540.0,58.5,340.6480780430984,91.42050087361677,228.0,200.25,219.0,218.25,30.0,821.25,48.0,938.25,264.0,999.0,1014.7500000000001,1045.1526639344263,1517.3777949113337,1043.0927139552814,1680.0,1037.25,1758.0,981.0,1836.0,771.75,1885.1800822561693,618.3857961222092,1884.5356903110317,533.8093533228911,1823.5505810287361,100.13746509323485,1749.0,69.75), 1.6590112708869371
frame_11, (1780.2864502493312,866.570176017965,1836.0,771.75,1812.0,387.0,1722.1822016026995,68.01473069193936,1101.2075782537065,27.834019769357493,1071.0,29.25,540.0,58.5,337.0378645872385,92.01668291219914,172.10131429652043,244.34444733358546,42.0,663.75,48.0,938.25,264.0,999.0,1780.2864502493312,866.570176017965), 1.6614460742565824
frame_12, (1848.613965436712,870.4480382998598,1860.0,330.75,1824.4345146379048,99.01863443759636,1767.0,74.25,1749.0,72.0,1098.1974317817017,27.975120385232742,1071.0,29.25,543.0,58.5,228.0,200.25,219.0,216.0,93.11581291759467,534.4443207126949,44.04736842105263,757.4171052631579,48.0,938.25,103.01886792452837,989.8301886792452,264.0,999.0,1449.5263881031278,1031.0564535682533,1848.613965436712,870.4480382998598), 1.6945197128170986
frame_13, (1812.0,387.0,1647.0,261.0,1327.8670849971477,30.198516828294355,1140.3333333333333,26.0,1071.0,29.25,543.0,58.5,234.0,189.0,219.0,216.0,67.13368700265252,600.1702917771884,45.0,690.75,43.225352112676056,719.8098591549297,48.0,938.25,264.0,999.0,1270.0386660002725,1026.2031328093053,1722.0,882.0,1812.0,387.0), 1.6930743986469303
frame_14, (87.0,726.75,135.0,960.75,264.0,999.0,1724.1037043695155,869.4529060818174,1848.0,130.5,1840.4940000000001,107.04374999999999,1749.0,69.75,1386.0,31.5,983.9999999999999,22.5,829.584621813623,25.98829920601755,543.0,58.5,228.0,200.25,219.0,216.0,102.0,663.75,87.0,726.75), 1.6797655387074992
