frame_0, (66.0,434.25,42.0,360.0,45.0,209.25,102.0,159.75,270.0,96.75,753.0,92.25,1854.0,281.25,1794.0,630.0,1653.0,954.0,1254.0,859.5,66.0,434.25), 2.948728602351922
frame_1, (1431.0,171.0,1857.0,261.0,1794.0,630.0,1653.0,954.0,1620.0,942.75,1419.0,873.0,27.0,225.0,48.0,209.25,1431.0,171.0), 2.94569470937076
frame_2, (1620.0,1010.25,27.0,225.0,48.0,209.25,309.0,96.75,1857.0,261.0,1794.0,621.0,1653.0,954.0,1620.0,1010.25), 2.536163100836317
frame_3, (1620.0,1010.25,48.0,209.25,195.0,103.5,1221.0,42.75,1503.0,67.5,1587.0,130.5,1794.0,621.0,1794.0,630.0,1653.0,954.0,1620.0,1010.25), 2.9356540630734926
frame_4, (1383.0,992.25,48.0,209.25,309.0,96.75,1221.0,42.75,1503.0,67.5,1857.0,261.0,1653.0,954.0,1383.0,992.25), 2.882891205207249
frame_5, (1383.0,992.25,48.0,209.25,411.0,51.75,1503.0,67.5,1857.0,261.0,1794.0,630.0,1653.0,954.0,1383.0,992.25), 2.92100554978686
frame_6, (48.0,209.25,1503.0,261.0,1716.0,438.75,1794.0,630.0,1653.0,954.0,1620.0,1010.25,552.0,715.5,48.0,209.25), 2.8845725069409722
frame_7, (342.0,1019.25,99.0,551.25,66.0,434.25,27.0,225.0,48.0,209.25,420.0,81.0,588.0,27.0,1503.0,67.5,1509.0,76.5,1716.0,438.75,1176.0,857.25,342.0,1019.25), 2.8869073716799356
frame_8, (48.0,209.25,1221.0,42.75,1518.0,121.5,1860.0,229.5,1677.0,873.0,1653.0,954.0,1419.0,873.0,48.0,209.25), 2.640015811251921
frame_9, (48.0,209.25,1221.0,42.75,1503.0,69.75,1860.0,229.5,1857.0,263.25,1653.0,954.0,1377.0,868.5,48.0,209.25), 2.8920211100860373
frame_10, (1620.0,1010.25,48.0,209.25,1503.0,69.75,1860.0,229.5,1857.0,263.25,1653.0,954.0,1620.0,1010.25), 2.876067218570066
frame_11, (48.0,209.25,672.0,38.25,1587.0,130.5,1860.0,229.5,1857.0,263.25,1794.0,621.0,1653.0,954.0,1419.0,873.0,48.0,209.25), 2.910972613578002
frame_12, (1209.0,857.25,48.0,209.25,672.0,38.25,1452.0,186.75,1506.0,227.25,1716.0,438.75,1743.0,490.5,1797.0,616.5,1698.0,753.75,1578.0,848.25,1494.0,895.5,1209.0,857.25), 2.9480197898018843
frame_13, (48.0,209.25,966.0000000000001,85.5,1434.0,168.75,1716.0,438.75,1698.0,756.0,1653.0,954.0,1209.0,857.25,48.0,209.25), 2.9342328943263016
frame_14, (48.0,209.25,966.0000000000001,85.5,1575.0,263.25,1716.0,438.75,1698.0,758.25,1653.0,954.0,1620.0,1010.25,1209.0,857.25,48.0,209.25), 2.9066354356518667
