frame_0, (1554.0,18.0,750.0,927.0,471.0,873.0,27.0,227.25,45.0,108.0,147.0,45.0,183.0,38.25,471.0,18.0,1554.0,18.0), 2.948728602351922
frame_1, (1872.0,270.0,1812.0,893.25,1290.0,920.25,528.0,942.75,252.0,830.25,243.0,798.75,150.0,450.0,132.0,375.75,144.0,45.0,696.0,18.0,1554.0,20.25,1839.0,29.25,1872.0,270.0), 2.94569470937076
frame_2, (1839.0,29.25,1887.0,310.5,1842.0,434.25,1746.0,481.5,750.0,927.0,48.0,119.25,45.0,110.25,471.0,18.0,1554.0,18.0,1839.0,29.25), 2.536163100836317
frame_3, (750.0,927.0,399.0,681.75,33.0,254.25,27.0,225.0,45.0,110.25,471.0,18.0,1206.0,18.0,1446.0,36.0,1800.0,141.75,1887.0,310.5,1854.0,607.5,750.0,927.0), 2.9356540630734926
frame_4, (1329.0,24.75,1887.0,310.5,1842.0,434.25,1746.0,481.5,750.0,927.0,399.0,681.75,48.0,119.25,45.0,110.25,303.0,63.0,486.0,47.25,804.0,24.75,1206.0,18.0,1329.0,24.75), 2.882891205207249
frame_5, (129.0,861.75,45.0,110.25,471.0,18.0,1206.0,18.0,1329.0,24.75,1788.0,67.5,1887.0,310.5,1842.0,434.25,1746.0,481.5,750.0,927.0,129.0,861.75), 2.92100554978686
frame_6, (1887.0,310.5,750.0,927.0,243.0,798.75,33.0,254.25,27.0,227.25,45.0,108.0,303.0,60.75,804.0,24.75,1206.0,18.0,1446.0,63.0,1887.0,310.5), 2.8845725069409722
frame_7, (1887.0,310.5,1812.0,893.25,750.0,927.0,399.0,681.75,27.0,227.25,45.0,108.0,471.0,18.0,1056.0,22.5,1242.0,27.0,1446.0,63.0,1887.0,310.5), 2.8869073716799356
frame_8, (33.0,256.5,27.0,225.0,45.0,110.25,465.0,56.25,804.0,24.75,1206.0,18.0,1329.0,24.75,1446.0,63.0,1887.0,310.5,1746.0,481.5,750.0,927.0,288.0,1026.0,33.0,256.5), 2.640015811251921
frame_9, (288.0,1026.0,27.0,227.25,45.0,108.0,465.0,56.25,633.0,38.25,1053.0,22.5,1206.0,18.0,1329.0,24.75,1638.0,108.0,1887.0,310.5,1746.0,481.5,750.0,927.0,288.0,1026.0), 2.8920211100860373
frame_10, (1329.0,24.75,1842.0,434.25,1746.0,481.5,750.0,927.0,288.0,1026.0,270.0,1003.5,36.0,168.75,45.0,108.0,465.0,56.25,636.0,38.25,1053.0,22.5,1206.0,18.0,1329.0,24.75), 2.876067218570066
frame_11, (288.0,1026.0,45.0,108.0,183.0,33.75,1206.0,18.0,1329.0,24.75,1746.0,481.5,750.0,927.0,288.0,1026.0), 2.910972613578002
frame_12, (399.0,681.75,36.0,168.75,45.0,108.0,465.0,56.25,831.0,31.5,1053.0,22.5,1206.0,18.0,1446.0,63.0,1887.0,310.5,1842.0,434.25,750.0,927.0,399.0,681.75), 2.9480197898018843
frame_13, (399.0,681.75,36.0,168.75,45.0,108.0,465.0,56.25,624.0,40.5,804.0,24.75,1053.0,22.5,1554.0,18.0,1800.0,141.75,1887.0,310.5,1854.0,607.5,828.0,787.5,399.0,681.75), 2.9342328943263016
frame_14, (1554.0,18.0,1887.0,310.5,1746.0,481.5,750.0,927.0,399.0,681.75,36.0,168.75,45.0,108.0,696.0,27.0,804.0,24.75,1206.0,18.0,1554.0,18.0), 2.9066354356518667
