frame_0, (159.0,715.5,503.888166864901,936.9828696585536,1032.0,994.5,1761.4961360123648,838.4847130989182,1791.0,776.25,1853.4025913059804,232.45599004788284,1851.0,162.0,1844.746407438715,139.3307269653424,1630.8298397040692,36.923859432799006,669.0,65.25,245.99999999999997,245.25,198.0,292.5,72.0,432.0,45.0,472.5,159.0,715.5), 1.73764174280209
frame_1, (190.5967552775606,942.3865080140736,639.0,1023.75,1662.0,976.5,1788.0,776.25,1858.9033508723346,419.5175159235669,1851.0,162.0,1845.050947093403,140.43468321358588,1701.0,85.5,1560.0,45.0,1491.0,29.25,1489.2449127906978,28.96384447674419,81.0,18.0,45.0,472.5,187.82857142857142,936.6928571428572,190.5967552775606,942.3865080140736), 1.7228173785746177
frame_2, (639.0,1023.75,1032.0,994.5,1729.385277246654,870.8726099426386,1791.0,776.25,1860.0,414.0,1823.4065934065934,102.95604395604397,1797.0,78.75,1489.6999192245557,28.96738691437803,81.0,18.0,45.0,472.5,639.0,1023.75), 1.7045831023602336
frame_3, (1752.0,78.75,1491.0,29.25,1489.2449127906978,28.96384447674419,81.0,18.0,45.0,472.5,639.0,1023.75,1730.5910267471959,866.4641008258351,1788.0,776.25,1800.0,452.25,1812.0538720538718,114.13888888888889,1752.0,78.75), 1.6874249685390872
frame_4, (1800.0,830.25,1878.0,153.0,1797.0,78.75,1475.8973384030419,26.731368821292772,1335.0,24.75,81.0,18.0,60.0,382.5,67.80192719486081,583.1209850107067,122.99999999999999,897.75,473.4948024948025,993.718814968815,639.0,1023.75,950.0118424676397,1007.3809556595979,1767.3607850971382,863.9771887329571,1800.0,830.25), 1.692732754063031
frame_5, (639.0,1023.75,1662.0,974.25,1788.0,776.25,1815.0,103.5,1815.0,95.25,1797.0,78.75,1489.6999192245557,28.96738691437803,81.0,18.0,60.0,382.5,67.80192719486081,583.1209850107067,122.99999999999999,897.75,639.0,1023.75), 1.68828146289411
frame_6, (1032.0,994.5,1686.0,909.0,1824.0,704.25,1878.3716397849462,263.09828629032256,1878.0,153.0,1815.0,103.5,1752.0,78.75,1491.0,29.25,1489.2449127906978,28.96384447674419,81.0,18.0,48.0,470.25,120.0,897.75,639.0,1023.75,1032.0,994.5), 1.5441404778830978
frame_7, (636.289661135587,1023.2386153086013,1665.0,969.75,1866.0,717.75,1867.2081141998497,690.1143876784373,1851.0,162.0,1840.358490566038,123.4245283018868,1815.0,103.5,1560.0,45.0,1491.0,29.25,1489.2449127906978,28.96384447674419,1213.6935483870966,26.818548387096776,876.0,63.0,684.0,87.75,90.0,231.75,60.0,382.5,48.0,470.25,147.1304347826087,873.2934782608696,175.0983981693364,936.2213958810069,636.289661135587,1023.2386153086013), 1.6653454189842765
frame_8, (1815.0,103.5,1560.0,45.0,1491.0,29.25,1489.2449127906978,28.96384447674419,81.0,18.0,48.0,470.25,81.72873769024173,662.5038048343779,639.0,1023.75,1857.0,848.25,1851.0,162.0,1841.1343012704174,126.23684210526316,1815.0,103.5), 1.6710141492050907
frame_9, (1560.0,45.0,1491.0,29.25,1477.5729729729728,27.060810810810807,81.0,18.0,60.0,382.5,639.0,1023.75,1077.0,954.0,1800.0,832.5,1851.0,162.0,1840.5876923076926,123.60461538461537,1815.0,103.5,1560.0,45.0), 1.671296467858963
frame_10, (639.0,1023.75,1729.8636959370906,866.5689009548773,1788.0,776.25,1878.0,153.0,1815.0,103.5,1752.0,78.75,1491.0,29.25,1489.2449127906978,28.96384447674419,81.0,18.0,48.0,470.25,231.75654776752305,1028.0823771514092,639.0,1023.75), 1.6735811602096413
frame_11, (639.0,1023.75,732.0634751015174,1016.8235199829023,1275.0,758.25,1512.0,632.25,1877.3353678332576,184.27925134731515,1878.0,153.0,1815.0,103.5,1560.0,45.0,1491.0,29.25,1489.2449127906978,28.96384447674419,81.0,18.0,48.0,470.25,159.0,715.5,639.0,1023.75), 1.6660062440915482
frame_12, (639.0,1023.75,946.6774193548387,1007.5564516129032,1857.0,848.25,1878.0,153.0,1752.0,78.75,1491.0,29.25,1489.2449127906978,28.96384447674419,81.0,18.0,48.0,470.25,122.99999999999999,897.75,589.7515085024685,1026.2308008776743,639.0,1023.75), 1.7167108501441335
frame_13, (122.99999999999999,897.75,639.0,1023.75,1733.8273368287832,865.9977852106312,1791.0,776.25,1824.0,704.25,1853.6384636793766,463.77428332869414,1851.0,162.0,1842.7941176470588,132.25367647058823,1752.0,78.75,1491.0,29.25,1489.2449127906978,28.96384447674419,297.94509450945094,19.68901890189019,93.0,20.25,66.81456953642385,265.7384105960265,60.0,384.75,122.99999999999999,897.75), 1.6890354349575194
frame_14, (122.99999999999999,897.75,224.65133643545073,1028.1579645060058,639.0,1023.75,1665.0,969.75,1791.0,776.25,1852.517395467603,335.5521066070859,1851.0,162.0,1842.7941176470588,132.25367647058823,1752.0,78.75,1491.0,29.25,1489.2449127906978,28.96384447674419,81.0,18.0,60.0,384.75,122.99999999999999,897.75), 1.687641557072472
