frame_0, 
(1620.0,103.5,1073.7694840834247,34.00192096597146,654.25,77.81250000000001,522.0,108.0,99.0,369.0,42.0,738.0,102.06474820143885,819.9064748201439,405.0,886.5,552.6395939086294,908.9974619289341,1050.0,751.5,1620.0,103.5), 1.73764174280209
frame_1, 
(867.0,29.25,663.0,69.75,525.0,137.25,234.0,306.0,204.0,344.25,53.85899842330505,709.1760454989113,56.10529519172246,741.4920876445527,351.0,814.5,1725.0,704.25,1569.0,261.0,1494.0,150.75,1406.72040302267,76.3639798488665,974.0798442064265,21.318194463764087,918.8963296844815,22.042176432710882,867.0,29.25), 1.7228173785746177
frame_10, 
(1542.0,402.75,1377.0434782608695,68.71304347826087,1290.0,56.25,1082.719291490181,33.06728917982287,747.7235621521336,68.05102040816327,717.0,76.5,204.0,344.25,87.0,623.25,85.28642590286425,627.3465130759652,93.0,654.75,127.64331210191082,738.0,1231.3436293436293,738.0,1542.0,402.75), 1.6735811602096413
frame_11, 
(1620.7072691552062,107.5465899522874,1592.5714285714287,100.01020408163265,1072.5903561483217,33.8518979920856,648.8432653267092,78.21628250069352,204.0,344.25,375.0,722.25,1295.07137237271,709.9823817016972,1665.1871418838168,362.035004635266,1620.7072691552062,107.5465899522874), 1.6660062440915482
frame_12, 
(1057.942838583956,32.42075349139331,939.0,42.75,663.0,69.75,636.0,76.5,264.0,276.75,219.0,303.75,68.55012816861293,425.83637140415834,87.0,623.25,255.0,823.5,319.57572235137826,850.621803387579,1051.3677177771578,927.2492374635767,1473.0,429.75,1372.0277041676704,73.61798361840519,1057.942838583956,32.42075349139331), 1.7167108501441335
frame_13, 
(1617.576728499157,106.70805227655985,1595.1972555746142,100.71355060034305,1063.7011851246423,32.786922762566405,663.0,69.75,432.0,157.5,288.0,240.75,234.0,303.75,75.0,499.5,87.0,623.25,255.0,823.5,349.8103637746907,860.8823720025923,1064.1840744570836,932.3888314374353,1725.0,704.25,1617.576728499157,106.70805227655985), 1.6890354349575194
frame_14, 
(1620.0,103.5,1064.0019579050415,32.75917767988253,766.8309515510631,60.1720111537121,522.0,144.0,472.87453416149066,164.31149068322983,264.0,276.75,91.10234278668311,466.14118372379784,84.0,553.5,87.0,623.25,367.7540171786684,855.6666510134731,1072.6240476520293,929.4750311677518,1725.0,704.25,1620.0,103.5), 1.687641557072472
frame_2, 
(1725.0,704.25,1620.7072691552062,107.5465899522874,1592.5714285714287,100.01020408163265,1073.7694840834247,34.00192096597146,648.5174104336895,78.41115650534253,204.0,344.25,94.26261985894287,610.9727989539583,142.5136664776087,742.4214222790737,1065.0,783.0,1725.0,704.25), 1.7045831023602336
frame_3, 
(927.0,684.0,1811.9015588501693,371.28478810125375,1811.9344837671833,371.15863556595497,1624.845387939132,110.25704489949275,1582.9931675321125,98.79154140475539,1073.7694840834247,34.00192096597146,646.0665071770335,78.66710526315788,522.0,144.0,204.0,344.25,84.0,553.5,76.29373474369406,587.3525223759154,87.0,623.25,194.08740927737455,750.894367308299,387.0,767.25,927.0,684.0), 1.6874249685390872
frame_4, 
(717.0,74.25,522.0,144.0,234.0,303.75,204.0,344.25,375.0,722.25,1615.4071285911816,705.7112382854509,1700.973179879772,666.6826414221857,1371.0,150.75,1314.0,94.5,1179.0,51.75,1064.2957677165355,34.991264763779526,731.8688811188812,69.70673076923076,717.0,74.25), 1.692732754063031
frame_5, 
(1620.0,103.5,1073.7694840834247,34.00192096597146,645.40129288911,78.73657384385876,522.0,141.75,204.0,344.25,42.0,738.0,1613.7182220887453,706.4815864554397,1717.1446977205153,659.3064491009486,1620.0,103.5), 1.68828146289411
frame_6, 
(204.0,344.25,180.0,495.0,375.0,722.25,1408.7704242757106,708.4663943429905,1715.962919364332,653.9812389640964,1685.51785103228,484.6305463670583,1388.087173177484,74.24432482313135,1060.1762006228487,32.336420258973945,939.0,42.75,654.352,74.166,522.0,141.75,204.0,344.25), 1.5441404778830978
frame_7, 
(522.0,141.75,204.0,344.25,180.0,495.0,375.0,722.25,1652.1439341584469,705.2214142112207,1720.0529289161914,675.9456861562089,1683.041580415804,464.18789937899373,1446.2167777950071,81.38918824623974,1073.7694840834247,34.00192096597146,645.40129288911,78.73657384385876,522.0,141.75), 1.6653454189842765
frame_8, 
(204.0,344.25,180.0,495.0,375.0,722.25,465.0,724.5,1233.6680934650678,712.14640564074,1473.0,429.75,1626.5213229820272,140.81128363288312,1624.1631491581693,127.31916054066872,1503.5130190007037,78.34940182969738,1499.8181818181818,77.55165289256199,1173.0,31.5,1111.2258064516132,27.793548387096774,939.0,42.75,663.0,69.75,204.0,344.25), 1.6710141492050907
frame_9, 
(1620.7072691552062,107.5465899522874,1589.0625,99.0703125,1290.0,56.25,1068.635761589404,31.492157546183336,939.0,42.75,643.3635550920062,75.37877151158459,632.0511224716603,78.62147143809737,213.0,303.75,68.99550898203591,454.5471556886228,56.26415094339622,588.2264150943396,110.22972972972973,736.6317567567567,1291.9311305190186,712.9345361526935,1665.1871418838168,362.035004635266,1620.7072691552062,107.5465899522874), 1.671296467858963
