frame_0, (1790.8148667601683,538.1539270687238,1707.0,177.75,1689.0,103.5,1641.0,56.25,1464.0,24.75,1239.0,18.0,1164.0,18.0,1128.0,20.25,1089.0,29.25,939.0,76.5,699.0,182.25,1718.4694829424307,695.9984008528784,1790.8148667601683,538.1539270687238), 1.73764174280209
frame_1, (1825.6172695449243,666.7797549591598,1734.0,155.25,1692.0,105.75,1662.0,87.75,1416.0,36.0,1164.0,18.0,1089.0,31.5,939.0,76.5,912.0,85.5,699.0,180.0,621.6550003417868,805.4068331738328,1053.0,924.75,1117.3211850458501,938.8044321655303,1797.0,915.75,1825.6172695449243,666.7797549591598), 1.7228173785746177
frame_2, (1063.367088607595,39.18987341772152,939.0,76.5,912.0,85.5,699.0,180.0,714.0,195.75,1194.0,688.5,1797.0,915.75,1822.579494799406,693.2083952451708,1734.0,155.25,1689.0,105.75,1662.0,87.75,1416.0,36.0,1287.0,24.75,1063.367088607595,39.18987341772152), 1.7045831023602336
frame_3, (758.6672815310122,875.9322112059026,1152.4052253833843,937.6143956214178,1797.0,915.75,1734.0,155.25,1710.5415821501015,129.44574036511156,1665.6182298546896,97.33256274768826,1464.0,24.75,1239.0,18.0,1079.7862407862408,32.15233415233415,939.0,76.5,912.0,85.5,699.0,182.25,623.6650342801177,789.6381611165524,758.6672815310122,875.9322112059026), 1.6874249685390872
frame_4, (1691.4228675136117,99.57168784029037,1662.0,87.75,1464.0,24.75,1443.0,20.25,1239.0,18.0,1033.1028446389496,36.30196936542669,912.0,85.5,699.0,180.0,714.0,195.75,1197.0,688.5,1797.0,915.75,1827.0,258.75,1775.7924657534245,171.98167808219182,1691.4228675136117,99.57168784029037), 1.692732754063031
frame_5, (600.0,96.75,520.9485780536044,134.5134181272591,1197.0,688.5,1797.0,915.75,1827.2844317006673,444.7473911817239,1753.9885832900884,153.2685521536067,1677.2733188720172,87.42787418655094,1569.0,33.75,1443.0,20.25,1239.0,18.0,837.0,54.0,600.0,96.75), 1.68828146289411
frame_6, (1396.0026109660575,1016.7003916449086,1797.0,915.75,1834.8394112478031,586.5471221441126,1751.6923742563547,151.2978366684695,1691.4228675136117,99.57168784029034,1662.0,87.75,1464.0,24.75,1239.0,18.0,1033.1028446389496,36.30196936542669,912.0,85.5,699.0,182.25,1357.8451730418944,1010.9767759562841,1396.0026109660575,1016.7003916449086), 1.5441404778830978
frame_7, (1663.108818011257,98.7593808630394,1539.0,65.25,1416.0,36.0,1239.4509202453987,31.58627300613497,1015.7064006219229,44.04729204457113,939.0,76.5,699.0,182.25,975.0,474.75,1197.0,688.5,1797.0,915.75,1844.8458088996206,499.49146257330113,1776.0,191.25,1726.3146853146852,142.42132867132867,1663.108818011257,98.7593808630394), 1.6653454189842765
frame_8, (1813.045480279298,666.2005567088129,1641.0,119.25,1542.0,65.25,1416.0,36.0,1246.9691629955948,31.77422907488987,1009.3243606998653,45.96197846567968,912.0,85.5,699.0,182.25,1197.0,688.5,1797.0,915.75,1813.045480279298,666.2005567088129), 1.6710141492050907
frame_9, (1765.8944543828266,173.10509838998212,1620.3687150837986,88.21508379888267,1416.0,36.0,1228.421052631579,32.0921052631579,1050.5625,42.046875,939.0,76.5,912.0,85.5,699.0,182.25,678.0,245.25,1158.0,690.75,1797.0,915.75,1765.8944543828266,173.10509838998212), 1.671296467858963
frame_10, (1050.9887834339947,41.91522864538395,939.0,76.5,912.0,85.5,699.0,182.25,1197.0,688.5,1671.144607954804,868.0822702628822,1740.0,778.5,1799.8665901592312,333.9905680677091,1799.1335403726707,329.6063664596273,1756.7008837525493,163.4117946974847,1663.9715994020926,99.35538116591928,1416.0,36.0,1308.0,31.5,1249.0296411856475,30.88572542901716,1050.9887834339947,41.91522864538395), 1.6735811602096413
frame_11, (1398.0,1017.0,1593.0,969.75,1797.0,915.75,1747.7676933057367,149.02922368786878,1688.0012307692307,98.1969230769231,1662.0,87.75,1416.0,36.0,1239.0,18.0,1083.7399702823182,31.800891530460625,939.0,76.5,912.0,85.5,699.0,182.25,1364.7499046731348,1019.6618756090328,1398.0,1017.0), 1.6660062440915482
frame_12, (1840.9075227599426,533.7545519885002,1754.066647515082,156.53950014363696,1704.0,114.75,1692.0,105.75,1464.0,24.75,1440.0,20.25,1239.0,18.0,1079.191063174114,33.205701078582436,939.0,76.5,912.0,85.5,699.0,180.0,744.0,357.75,1197.0,688.5,1797.0,915.75,1840.9075227599426,533.7545519885002), 1.7167108501441335
frame_13, (1826.9222797927462,655.4261658031089,1776.0,191.25,1764.9935064935066,165.65990259740266,1704.0,114.75,1692.0,105.75,1464.0,24.75,1440.0,20.25,1239.0,18.0,1131.0,24.75,1087.4503597122302,30.655035971223022,939.0,76.5,912.0,85.5,699.0,180.0,613.3643376087541,872.4446138667146,1031.241358760429,941.7242252681764,1797.0,915.75,1826.9222797927462,655.4261658031089), 1.6890354349575194
frame_14, (828.0,920.25,986.602277904328,943.3301822323463,1587.955435516543,969.5302160702229,1797.0,918.0,1748.06383681014,153.73227488777394,1685.6149253731344,105.85477611940298,1416.0,36.0,1181.4499349804942,19.24642392717815,1156.3281640820412,19.198724362181093,1092.0,29.25,552.0,182.25,816.0415224913495,917.7942412259022,828.0,920.25), 1.687641557072472
