frame_0, 
(201.0,148.5,408.0,621.0,513.0,778.5,609.0,841.5,1234.2632985303578,1050.4149883715177,1250.4350662872218,1050.2997501214686,1488.0,974.25,1854.0,654.75,1877.1640831758034,618.6674858223062,1824.0,274.5,1767.5694521306032,179.59407858328723,1650.0,132.75,1341.0,54.0,1258.9175588865096,36.719486081370455,1160.7593964521172,32.138771834432134,184.4275127373784,108.72603056970819,201.0,148.5), 1.73764174280209
frame_1, 
(1293.6009353078723,1041.1747856586128,1890.0,904.5,1860.0,472.5,1748.737270875764,172.09063136456217,1650.0,132.75,1377.0,31.5,1266.256940342587,26.556113408151212,408.3164556962025,124.76772151898734,405.0,128.25,243.0,416.25,165.0,774.0,174.0,852.75,510.0,1003.5,538.4765045342137,1006.1432399010719,1293.6009353078723,1041.1747856586128), 1.7228173785746177
frame_10, 
(609.0,798.75,1383.281632653061,1018.4785714285714,1434.0000000000007,1010.6470588235293,1752.0,940.5,1838.040842373963,918.0545628589662,1872.0,785.25,1891.1143773383217,674.6596739711389,1891.2032085561498,656.3382352941176,1869.0,564.75,1710.0,186.75,1661.7952218430032,137.44965870307166,1650.0,132.75,1377.0,31.5,1266.256940342587,26.556113408151212,293.1327967806841,137.95321931589538,245.00221361372442,426.7367183176536,609.0,798.75), 1.6735811602096413
frame_11, 
(405.0,128.25,330.0,405.0,312.14331488494025,490.47575007282256,609.0,798.75,1219.1505922165823,1043.8223350253807,1433.9999999999995,1010.6470588235295,1602.5707762557079,973.4623287671233,1671.0,924.75,1805.491331178372,809.047898912724,1869.690123645245,651.2827812547703,1860.0,472.5,1824.0,274.5,1650.0,132.75,1341.0,54.0,1291.6801736613604,42.903039073806085,1159.2121427845013,38.80992576019526,408.3164556962025,124.76772151898734,405.0,128.25), 1.6660062440915482
frame_12, 
(768.0,949.5,1488.0,974.25,1757.2785859533865,927.5281557954012,1879.6877380736441,626.7141755849809,1842.0,209.25,1650.0,132.75,1486.8100558659219,72.22625698324022,1341.0,54.0,1124.5698056046451,42.775561726836656,408.3164556962025,124.76772151898734,405.0,128.25,240.0,416.25,168.91454965357968,769.4558314087759,184.17058123173504,831.2745426994263,768.0,949.5), 1.7167108501441335
frame_13, 
(1617.0,949.5,1868.3091029241698,625.8029489509335,1860.0,472.5,1812.2502979737783,197.39660309892727,1650.0,132.75,1486.8100558659219,72.22625698324022,1341.0,54.0,1153.558469170801,39.45712260807938,408.3164556962025,124.76772151898734,405.0,128.25,240.0,416.25,180.06903265775733,814.6547260819542,193.18153846153848,867.7876923076923,228.0,891.0,1226.3611362039546,1035.4639415838603,1617.0,949.5), 1.6890354349575194
frame_14, 
(567.0,992.25,1067.474870017331,1053.7837954939341,1242.0,1053.0,1488.0,974.25,1779.0,636.75,1855.1906354515052,402.16304347826093,1842.0,209.25,1648.4709677419355,93.79233870967742,1294.2857142857144,38.45089285714286,1209.054138145613,34.45566272557561,290.5228851477219,149.01052856073397,240.0,416.25,179.8774749178727,813.8785181567965,191.86487869792202,862.4524772238715,327.2247119078104,935.9668693982073,567.0,992.25), 1.687641557072472
frame_2, 
(1260.1280216070222,1026.6238014854828,1488.0,974.25,1876.9905376724444,609.0311062964273,1860.0,472.5,1710.0,186.75,1664.57,140.28750000000002,1657.3024118738406,135.65955473098333,1650.0,132.75,1490.5436147941382,73.6109560362875,1299.0,51.75,437.14200714002385,94.500892502975,405.0,128.25,245.99999999999997,416.25,241.10428581040168,437.87273767072605,687.0,967.5,1260.1280216070222,1026.6238014854828), 1.7045831023602336
frame_3, 
(397.5561254519465,131.18050533927521,249.15492501013378,278.207620591812,480.0,900.0,687.0,967.5,1308.7316250301228,1031.6377419873081,1488.0,974.25,1877.5111769458658,608.5422838674925,1863.0,472.5,1750.1786197564275,172.6649188092016,1650.0,132.75,1486.8100558659219,72.22625698324022,1341.0,54.0,1289.364438318401,52.59903514817367,397.5561254519465,131.18050533927521), 1.6874249685390872
frame_4, 
(1320.9171428571428,1034.9148214285715,1661.3480475382005,956.8994057724958,1827.0,864.0,1875.0,749.25,1881.0,641.25,1863.0,472.5,1824.0,274.5,1764.1733996270975,172.52284027346178,1575.0,83.25,1091.2323561346363,49.14983713355049,425.3220922329395,132.19901013723592,289.99171413775247,462.564344899016,609.0,798.75,1320.9171428571428,1034.9148214285715), 1.692732754063031
frame_5, 
(1387.4621295279912,1019.6649286498354,1890.0,904.5,1881.0,641.25,1863.0,472.5,1820.083511777302,198.90738758029977,1575.0,83.25,1109.7139689578712,44.47616407982261,380.7527644481536,127.92303880659293,312.0,182.25,259.7057654075547,430.6476143141153,609.0,798.75,1387.4621295279912,1019.6649286498354), 1.68828146289411
frame_6, 
(1326.2167741935484,1033.7003225806452,1757.946188340807,934.7623318385649,1875.0,830.25,1881.0,641.25,1860.0,472.5,1746.510803370318,164.18768248936348,1575.0,83.25,1374.0,63.0,1090.9023962594972,37.14012273524255,287.93140604467806,98.59198423127464,232.89890784982936,400.95076791808873,609.0,798.75,1326.2167741935484,1033.7003225806452), 1.5441404778830978
frame_7, 
(1207.1002444987776,1050.6399755501222,1268.5761772853184,1044.4923822714682,1488.0,974.25,1882.6426428678565,603.7244075296236,1860.0,472.5,1824.0,274.5,1767.5694521306032,179.59407858328723,1650.0,132.75,1496.635768665687,75.87040870842795,1087.8431845597106,37.37424607961399,444.6698113207548,86.59669811320755,405.0,128.25,246.98898505114082,557.8424468922108,510.0,1003.5,1207.1002444987776,1050.6399755501222), 1.6653454189842765
frame_8, 
(1699.4840047393363,141.9952606635071,1575.0,83.25,1259.351878612717,53.52528901734104,507.38621110433195,87.19539353264186,474.0,96.75,405.0,128.25,284.5875238701464,455.62141947803946,609.0,798.75,1389.936170212766,1020.3670212765958,1752.0,940.5,1891.4874324641767,597.717054263566,1893.0,285.75,1699.4840047393363,141.9952606635071), 1.6710141492050907
frame_9, 
(201.0,303.75,197.95935739120011,365.57639971226473,609.0,798.75,1387.4621295279912,1019.6649286498354,1890.0,904.5,1891.2173633440514,653.4188102893891,1860.0,472.5,1824.0,274.5,1767.9473684210525,178.95574162679426,1515.9599999999998,75.86999999999999,1341.0,54.0,1051.6178010471203,40.146596858638745,438.7990930599369,87.04598777602523,201.0,303.75), 1.671296467858963
