frame_0, 
(42.0,893.25,24.0,182.25,33.0,105.75,153.0,56.25,1614.0,130.5,1764.0,191.25,1893.0,285.75,1845.0,396.0,1773.0,459.0,513.0,1003.5,297.0,1046.25,240.0,1057.5,135.0,1005.75,42.0,893.25), 5.689097229851896
frame_1, 
(180.0,24.75,1893.0,285.75,1866.0,317.25,510.0,1003.5,240.0,1057.5,45.0,983.25,24.0,180.0,33.0,105.75,99.0,42.75,111.0,33.75,180.0,24.75), 5.378436775890346
frame_10, 
(1893.0,285.75,240.0,1057.5,177.0,1030.5,111.0,913.5,57.0,711.0,24.0,191.25,24.0,182.25,27.0,69.75,99.0,33.75,180.0,22.5,1893.0,285.75), 5.303700181835195
frame_11, 
(1893.0,285.75,240.0,1057.5,177.0,1030.5,111.0,913.5,57.0,711.0,24.0,191.25,24.0,182.25,27.0,69.75,99.0,33.75,1650.0,132.75,1893.0,285.75), 4.207806852188673
frame_12, 
(1893.0,285.75,1779.0,738.0,240.0,1057.5,177.0,1032.75,84.0,805.5,57.0,711.0,24.0,182.25,39.0,141.75,99.0,42.75,111.0,33.75,180.0,22.5,1650.0,132.75,1893.0,285.75), 4.9415155003186895
frame_13, 
(1893.0,285.75,240.0,1057.5,177.0,1035.0,117.0,936.0,57.0,711.0,24.0,182.25,39.0,141.75,60.0,92.25,99.0,42.75,111.0,33.75,180.0,22.5,1893.0,285.75), 5.011235632870559
frame_14, 
(1893.0,285.75,240.0,1057.5,177.0,1035.0,117.0,936.0,57.0,711.0,24.0,182.25,30.0,85.5,99.0,42.75,1893.0,285.75), 5.005386904832939
frame_2, 
(45.0,983.25,24.0,180.0,27.0,69.75,99.0,42.75,1650.0,132.75,1893.0,285.75,1866.0,317.25,510.0,1003.5,240.0,1057.5,45.0,983.25), 5.195567860173297
frame_3, 
(1893.0,285.75,240.0,1057.5,177.0,1032.75,84.0,805.5,57.0,711.0,24.0,177.75,27.0,69.75,99.0,42.75,180.0,22.5,1584.0,20.25,1893.0,285.75), 5.2419561052364525
frame_4, 
(1893.0,285.75,240.0,1057.5,30.0,1037.25,24.0,182.25,27.0,69.75,99.0,42.75,180.0,22.5,1584.0,20.25,1893.0,285.75), 4.979442589787303
frame_5, 
(1893.0,285.75,240.0,1057.5,30.0,1037.25,24.0,182.25,27.0,69.75,99.0,42.75,180.0,22.5,1815.0,166.5,1893.0,285.75), 4.875884372958357
frame_6, 
(1422.0,1017.0,240.0,1057.5,30.0,1037.25,24.0,180.0,33.0,105.75,99.0,42.75,111.0,33.75,1893.0,285.75,1779.0,738.0,1422.0,1017.0), 5.037622088023483
frame_7, 
(1893.0,285.75,240.0,1057.5,30.0,1037.25,24.0,180.0,33.0,105.75,99.0,42.75,111.0,33.75,1584.0,20.25,1893.0,285.75), 5.005930535514587
frame_8, 
(1584.0,20.25,1893.0,285.75,510.0,1003.5,240.0,1057.5,177.0,1030.5,99.0,870.75,57.0,711.0,24.0,180.0,33.0,105.75,99.0,42.75,111.0,33.75,147.0,18.0,1584.0,20.25), 5.142101243258684
frame_9, 
(1584.0,20.25,1893.0,285.75,510.0,1003.5,240.0,1057.5,177.0,1030.5,84.0,805.5,57.0,711.0,24.0,191.25,24.0,182.25,27.0,69.75,99.0,33.75,180.0,22.5,1584.0,20.25), 5.306860841014481
