frame_0, (57.0,632.25,42.0,360.0,282.0,112.5,672.0,38.25,968.9999999999999,33.75,1518.0,85.5,1860.0,229.5,1857.0,258.75,1209.0,600.75,339.0,1019.25,57.0,632.25), 4.273361181864493
frame_1, (1716.0,438.75,1383.0,992.25,339.0,1019.25,201.0,999.0,33.0,841.5,42.0,360.0,618.0,56.25,807.0,24.75,1596.0,38.25,1716.0,438.75), 5.331692670661544
frame_2, (1773.0,297.0,1578.0,846.0,342.0,1019.25,201.0,999.0,33.0,841.5,45.0,357.75,618.0,56.25,672.0,38.25,1596.0,38.25,1773.0,297.0), 5.296808127750661
frame_3, (33.0,841.5,45.0,357.75,282.0,112.5,672.0,38.25,1596.0,38.25,1716.0,438.75,1578.0,846.0,894.0,1048.5,165.0,1041.75,81.0,983.25,33.0,841.5), 4.820313263175315
frame_4, (1716.0,438.75,1578.0,848.25,342.0,1019.25,165.0,1041.75,33.0,841.5,45.0,357.75,282.0,112.5,672.0,38.25,1596.0,38.25,1716.0,438.75), 4.998038584825844
frame_5, (891.0,27.0,1596.0,38.25,1578.0,846.0,342.0,1019.25,165.0,1041.75,33.0,841.5,45.0,357.75,411.0,51.75,672.0,38.25,891.0,27.0), 5.208245169622014
frame_6, (1596.0,38.25,1716.0,438.75,1578.0,846.0,744.0,1019.25,201.0,999.0,42.0,360.0,282.0,112.5,672.0,38.25,1596.0,38.25), 5.018346626082503
frame_7, (165.0,1041.75,45.0,357.75,282.0,112.5,672.0,38.25,1596.0,36.0,1716.0,438.75,1578.0,846.0,165.0,1041.75), 5.169620022259554
frame_8, (165.0,1039.5,45.0,357.75,282.0,112.5,618.0,56.25,968.9999999999999,31.5,1596.0,36.0,1578.0,848.25,165.0,1039.5), 5.206105373170269
frame_9, (1062.0,868.5,33.0,841.5,45.0,357.75,282.0,112.5,672.0,38.25,1596.0,36.0,1578.0,846.0,1062.0,868.5), 5.246821674783181
frame_10, (165.0,1041.75,45.0,357.75,339.0,139.5,672.0,38.25,1596.0,36.0,1629.0,270.0,1461.0,681.75,1209.0,857.25,744.0,1019.25,165.0,1041.75), 5.26166414098331
frame_11, (45.0,357.75,282.0,112.5,672.0,38.25,1596.0,36.0,1587.0,130.5,1461.0,681.75,1209.0,857.25,342.0,1019.25,201.0,999.0,45.0,357.75), 5.209791312923793
frame_12, (792.0,54.0,1587.0,130.5,1578.0,848.25,339.0,1019.25,201.0,999.0,33.0,841.5,45.0,357.75,267.0,139.5,618.0,56.25,792.0,54.0), 4.99558005390643
frame_13, (1596.0,33.75,1716.0,438.75,1209.0,857.25,339.0,1019.25,201.0,999.0,33.0,841.5,45.0,357.75,282.0,112.5,618.0,56.25,1596.0,33.75), 5.116177855410752
frame_14, (1596.0,36.0,1716.0,438.75,1209.0,857.25,339.0,1019.25,201.0,999.0,45.0,357.75,282.0,112.5,672.0,38.25,1596.0,36.0), 4.78544526858276
