frame_0, (1623.0,137.25,1563.0,94.5,1536.0,92.25,1185.0,96.75,135.6016061727423,478.66912054168967,432.0,931.5,497.457656412029,960.214915312824,855.0,846.0,1623.0,463.5,1784.8445839874414,299.0945839874411,1623.0,137.25), 1.7378966179767692
frame_1, (1863.0,747.0,1865.0625,499.5,1860.0,418.5,1840.3707924728333,355.082560296846,1563.0,94.5,1536.0,92.25,128.7867842876165,94.44419940079894,87.30573248407643,180.86305732484075,75.76086196426272,355.9602602086822,873.0,1021.5,1863.0,747.0), 1.7273027902113425
frame_2, (89.26579866624326,338.1566370276278,705.0,933.75,1629.0,429.75,1783.7345826235094,291.0917376490631,1563.0,94.5,1536.0,92.25,137.51969447356598,94.43058259697469,90.90823617901466,230.98758931929297,89.26579866624326,338.1566370276278), 1.7006132143558006
frame_3, (1563.0,94.5,1536.0,92.25,1185.0,96.75,423.0,189.0,378.0,200.25,84.0,681.75,85.85422740524781,716.5167638483964,687.0,792.0,983.9999999999999,767.25,1329.0,652.5,1623.0,463.5,1789.5702322040352,296.2891130567187,1563.0,94.5), 1.6909066134087158
frame_4, (687.0,792.0,1329.0,652.5,1623.0,463.5,1793.5507636154068,290.2506483527039,1563.0,94.5,1536.0,92.25,1185.0,96.75,378.0,200.25,84.0,681.75,85.83941289179711,716.5149036549656,687.0,792.0), 1.6717441117540124
frame_5, (1861.1023573744633,337.469240206818,1722.0,148.5,1614.0,101.25,1563.0,94.5,1536.0,92.25,1185.0,96.75,567.0,351.0,315.33081761006287,523.3386792452831,687.0,792.0,1848.5912475307703,544.9451451147243,1861.1023573744633,337.469240206818), 1.6746195347737851
frame_6, (1701.0,132.75,1563.0,94.5,1536.0,92.25,411.0,38.25,272.3321445129997,274.7282178394379,354.0,450.0,462.0,605.25,687.0,792.0,1836.0,753.75,1861.3720832235977,280.95098762180675,1701.0,132.75), 1.6846833856227474
frame_7, (1860.0,418.5,1863.0,306.0,1861.315525876461,259.2558430717863,1722.0,148.5,1611.0,99.0,1536.0,92.25,159.0,31.5,354.0,450.0,462.0,605.25,687.0,792.0,983.9999999999999,767.25,1362.0,720.0,1853.9976242328253,549.0516729360522,1860.0,418.5), 1.673666640463485
frame_8, (69.02067539627842,295.11130254996556,63.0,312.75,462.0,605.25,1092.0,699.75,1868.4860057546432,540.5267460109861,1863.0,306.0,1861.3095768374164,259.09075723830733,1722.0,146.25,1614.0,101.25,1536.0,92.25,766.0103881902679,70.34909786768725,627.0,76.5,69.02067539627842,295.11130254996556), 1.6865123771144714
frame_9, (1853.5567935318477,426.58590514691383,1862.4836642176022,260.2371033296858,1701.0,132.75,1536.0,92.25,151.67704157328197,52.953979765775436,63.0,312.75,567.0,861.75,1575.1693602845182,775.9483523162112,1853.5567935318477,426.58590514691383), 1.6862560792683932
frame_10, (1862.0373711340208,342.09858247422676,1701.0,132.75,1536.0,92.25,744.0,130.5,423.0,189.0,378.0,200.25,84.0,681.75,86.35823021454642,726.3205510549275,567.0,861.75,1575.1693602845182,775.9483523162112,1860.0,418.5,1862.0373711340208,342.09858247422676), 1.6766257574049601
frame_11, (567.0,861.75,1836.377716339508,751.5609621233067,1865.7941084299594,581.0795988718271,1866.7112387202626,525.8798195242016,1860.0,418.5,1851.0,342.0,1812.0,285.75,1701.0,132.75,1536.0,92.25,159.0,31.5,66.0,312.75,567.0,861.75), 1.6717281203429464
frame_12, (1701.0,132.75,1536.0,92.25,389.649696798759,501.2464391482161,462.0,605.25,705.0,933.75,1362.0,720.0,1623.0,463.5,1810.1969499210004,273.3410730232878,1701.0,132.75), 1.7192074511625124
frame_13, (354.0,450.0,420.0,531.0,690.0,792.0,1362.0,720.0,1623.0,463.5,1805.3277939670788,278.2872725840749,1701.0,132.75,1563.0,94.5,843.0,33.75,163.81583637443777,41.83552575744717,354.0,450.0), 1.693580969632022
frame_14, (1863.0,416.25,1863.0,315.8490566037736,1722.0,146.25,1563.0,94.5,843.0,33.75,134.5407570315968,47.474763932044716,351.0,450.0,462.0,605.25,687.0,792.0,1362.0,720.0,1855.5271049033013,548.5202432115648,1863.0,416.25), 1.680521348566712
