frame_0, 
(1704.0,265.5,537.0,67.5,206.35031847133757,23.216560509554142,60.0,20.25,49.28805156172534,142.7679102627665,231.0,281.25,1299.0,1003.5,1704.0,265.5), 1.7378966179767692
frame_1, 
(1257.0,796.5,1386.0,708.75,1641.0,274.5,537.0,67.5,60.0,18.0,35.04950495049505,304.9306930693069,31.379229871645272,439.81330221703615,75.0,486.0,1082.3162925371278,911.8874030947414,1257.0,796.5), 1.7273027902113425
frame_10, 
(370.7200772200772,19.863416988416986,93.0,22.5,60.0,47.25,58.76086956521739,48.33423913043478,45.0,139.5,36.25000000000001,261.375,36.0,270.0,41.2323435711429,439.7241445889475,1299.0,1003.5,1370.5343518605307,1016.1534820508014,1667.4349692212122,1016.6701304568815,1725.0,967.5,1856.2667787800028,772.8373337410183,1855.3588169642856,470.48604910714283,1692.0,60.75,474.4459459459459,19.73310810810811,370.7200772200772,19.863416988416986), 1.6766257574049601
frame_11, 
(1860.0,771.75,1857.7096446700507,484.0241116751272,1692.0,69.75,288.0,24.75,63.0,20.25,60.0,47.25,51.14124586092715,499.0464610927152,1222.3579212853406,972.5170320089675,1767.0,870.75,1860.0,771.75), 1.6717281203429464
frame_12, 
(1746.0,378.0,288.0,24.75,148.9442060085837,21.968884120171673,93.0,22.5,60.0,47.25,59.23857868020305,51.93274111675127,46.71036585365854,157.45884146341464,48.0,171.0,231.0,281.25,1521.1755526657998,1005.9265279583875,1776.0,990.0,1746.0,378.0), 1.7192074511625124
frame_13, 
(93.0,22.5,60.0,47.25,57.825389948006936,158.15511265164645,144.0,283.5,1553.4050778500678,1026.2363826755704,1776.0,990.0,1837.854566239045,384.106407976629,1758.0,213.75,1689.0,92.25,576.6788321167884,18.64051094890511,508.4429824561403,18.55592105263158,93.0,22.5), 1.693580969632022
frame_14, 
(288.0,24.75,152.76521739130433,21.932608695652174,93.0,22.5,60.0,47.25,54.8936170212766,78.65425531914893,46.666666666666664,172.74999999999997,60.0,438.75,1552.398605904405,1033.984126054358,1653.7141257398816,1028.3900175971844,1725.0,967.5,1823.7637026428852,821.0379182398125,1689.0,92.25,288.0,24.75), 1.680521348566712
frame_2, 
(1860.0,771.75,1752.0,272.25,1728.1179361179359,187.1701474201474,1689.0,96.75,1497.9838698165727,53.919063592891305,145.98831651619756,21.996946362187998,93.0,22.5,60.0,47.25,54.8936170212766,78.65425531914893,49.23104371097235,143.41993755575376,198.0,281.25,1219.0204852451454,951.0338741764816,1860.0,771.75), 1.7006132143558006
frame_3, 
(53.74740695546065,463.4972544234289,75.0,486.0,1299.0,1003.5,1482.0,902.25,1727.0500452809388,415.6307339449541,1689.0,99.0,723.0,47.25,288.0,24.75,60.0,18.0,53.74740695546065,463.4972544234289), 1.6909066134087158
frame_4, 
(1860.0,771.75,1689.0,96.75,143.22279322853686,22.023201330108826,93.0,22.5,60.0,47.25,33.70066202966564,435.82271851169025,1219.7193281213715,903.1944809969812,1860.0,771.75), 1.6717441117540124
frame_5, 
(1788.0,848.25,987.0,135.0,288.0,24.75,60.0,18.0,33.47716535433071,435.73464566929135,1396.0603901797458,972.6848147742218,1788.0,848.25), 1.6746195347737851
frame_6, 
(1689.0,94.5,288.0,24.75,183.10543130990416,21.64456869009585,93.0,22.5,60.0,47.25,33.666145018257694,436.3327073552426,1299.0,1003.5,1390.487760940977,1019.6829765815409,1709.3069880988708,995.1351083307904,1779.7390326209222,945.8326771653543,1788.0,848.25,1689.0,94.5), 1.6846833856227474
frame_7, 
(1788.0,848.25,1860.0,771.75,1689.0,92.25,671.6037735849056,26.962541620421753,63.0,20.25,60.0,47.25,36.0,270.0,24.0,432.0,1233.8159069845817,974.282188895442,1788.0,848.25), 1.673666640463485
frame_8, 
(186.51020408163265,21.612244897959187,93.0,22.5,60.0,47.25,24.0,432.0,1299.0,1003.5,1469.1495309024085,1033.5972047586806,1657.030534351145,1025.557251908397,1725.0,967.5,1807.8655834564256,720.1462333825702,1713.1098743267505,147.66382405745063,1689.0,92.25,708.6,27.370588235294118,186.51020408163265,21.612244897959187), 1.6865123771144714
frame_9, 
(330.0,20.25,93.0,22.5,60.0,47.25,39.64601769911504,264.783185840708,32.34023975136895,435.73838981796655,1299.0,1003.5,1469.1495309024085,1033.5972047586806,1699.0430442249892,1023.7594192786604,1776.0,990.0,1857.0,771.75,1864.3287086446105,669.1480789754536,1878.0,20.25,330.0,20.25), 1.6862560792683932
