frame_0, (66.07570977917979,345.54179810725554,258.0,987.75,532.5762711864407,1027.2203389830509,663.0,1028.25,1377.529605263158,1030.4108758223686,1455.532826537664,1014.0977021423636,1873.4437523358663,872.8592874050081,1882.3600000000001,538.5,1878.8333333333335,472.3750000000001,1869.0,420.75,1597.3214920071048,153.59946714031975,1455.0,105.75,786.0,54.0,225.0,94.5,140.5846153846154,140.6423076923077,66.07570977917979,345.54179810725554), 1.7378966179767692
frame_1, (1640.7213900539246,151.35934691431993,1574.5087818696886,103.07932011331454,1461.0,49.5,419.40000000000003,49.5,117.70442842430485,80.4114315139032,59.36072423398329,157.82903899721447,54.0,387.0,75.0,668.25,990.0,969.75,1380.0,1028.25,1385.6219178082195,1028.718493150685,1438.268852459016,1017.7081967213115,1671.0,922.5,1809.0,724.5,1821.0,706.5,1862.5548387096774,470.52788018433176,1640.7213900539246,151.35934691431993), 1.7273027902113425
frame_2, (1435.875,1018.6875,1671.0,922.5,1809.0,724.5,1821.0,706.5,1862.9573796369375,468.24202277596135,1571.0009468800304,144.48319287946217,1455.0,105.75,557.1465468484887,36.45656067366304,459.0627850818352,37.97108934800107,135.43598615916954,69.84342560553634,69.0,312.75,54.0,387.0,69.15474794841735,429.89771395076207,102.0,461.25,897.0,985.5,1380.0,1028.25,1386.831325301205,1028.8192771084339,1435.875,1018.6875), 1.7006132143558006
frame_3, (136.98041136141038,70.72845249755142,69.0,429.75,102.0,461.25,891.0,960.75,1152.9826498422715,996.9132492113564,1630.7988204456096,962.5104849279161,1644.0,958.5,1671.0,922.5,1809.0,724.5,1821.0,706.5,1822.4908921064923,698.0338626809902,1638.0,252.0,1497.6283677534334,69.99271412097704,1458.0,51.75,597.7020648967551,30.595132743362832,303.0,56.25,136.98041136141038,70.72845249755142), 1.6909066134087158
frame_4, (69.08753967441385,429.4752866796355,69.24111056989771,429.98015099853876,102.0,461.25,504.0,697.5,873.0,909.0,990.0,967.5,1380.0,1028.25,1385.6219178082192,1028.718493150685,1438.2688524590162,1017.7081967213114,1671.0,922.5,1809.0,724.5,1821.0,706.5,1834.9395047365797,627.3435266744225,1638.0,252.0,1525.8347107438017,104.05785123966943,1458.0,76.5,860.2937005446512,45.828229370054466,183.0,72.0,69.08753967441385,429.4752866796355), 1.6717441117540124
frame_5, (1436.990566037736,1017.9755306603773,1671.0,920.25,1716.0,859.5,1809.0,724.5,1821.0,706.5,1848.5988727101926,549.7778299671207,1824.0,445.5,1638.0,252.0,1458.0,76.5,441.0,38.25,194.36842105263156,63.47368421052631,183.0,72.0,69.04864,429.59736000000004,69.15474794841735,429.89771395076207,102.0,461.25,504.0,697.5,531.0,713.25,873.0,909.0,1380.0,1028.25,1385.621917808219,1028.718493150685,1436.990566037736,1017.9755306603773), 1.6746195347737851
frame_6, (1866.0,420.75,1788.0,258.75,1748.7045582442317,204.4954980303883,1455.0,105.75,899.9514370664023,63.02586719524281,343.5877323199335,53.11047443738495,135.63649895802322,77.82598987793986,69.0656455142232,429.40330962800874,69.24111056989771,429.98015099853876,102.0,461.25,480.0,690.75,801.0,868.5,990.0,967.5,1380.0,1028.25,1872.0,927.0,1880.8477157360408,595.210659898477,1866.0,420.75), 1.6846833856227474
frame_7, (78.66539555527773,440.27147344731657,513.3961765099772,913.5069807151466,1407.0,1030.5,1872.0,927.0,1882.7546362339515,523.7011412268189,1869.3063407181053,242.40762668703843,1458.0,51.75,874.9247311827958,34.48790322580645,422.39341158652024,43.744225672093904,135.63649895802322,77.82598987793988,71.6161628624306,415.93338988278833,78.66539555527773,440.27147344731657), 1.673666640463485
frame_8, (70.63018867924526,421.1405660377359,75.6,436.05,102.0,461.25,480.0,690.75,987.0,967.5,1380.0,1028.25,1407.0,1030.5,1872.0,927.0,1879.6505576208176,681.0892193308548,1836.0,495.0,1553.0568005325051,138.49156867095627,1455.0,105.75,771.9327416595381,53.033067792985456,134.98691649800875,81.25659724489131,70.63018867924526,421.1405660377359), 1.6865123771144714
frame_9, (51.0,324.0,54.0,387.0,69.15474794841735,429.89771395076207,102.0,461.25,504.0,697.5,531.0,713.25,858.0,870.75,1376.9249362322362,1027.3221790355883,1407.0,1030.5,1614.0,999.0,1872.0,927.0,1883.4785894206548,558.0453400503778,1878.0,454.5,1866.0,420.75,1788.0,258.75,1749.2471487099988,204.00033218912634,1455.0,105.75,574.6676557863502,40.629525222551926,422.3934115865202,43.744225672093904,131.55369127516778,78.31124161073825,51.0,324.0), 1.6862560792683932
frame_10, (1708.4864048338368,167.06012084592143,1490.809739524349,66.8537938844847,1054.430463576159,41.82615894039735,810.6970260223048,35.83271375464684,378.36543909348444,44.65580736543909,135.85527544351075,69.45798319327731,54.0,387.0,70.30656108597286,433.1580882352941,102.0,461.25,504.0,697.5,987.0,967.5,1325.6867833433917,1019.8542546771273,1407.0,1030.5,1493.348571428571,1017.36,1872.0,927.0,1877.7174236783321,476.7528853313477,1708.4864048338368,167.06012084592143), 1.6766257574049601
frame_11, (1458.0,76.5,640.0497667185069,37.94906687402799,435.32169576059846,41.787718204488776,139.5796882094748,69.79359013167853,69.0,429.75,102.0,461.25,891.0,960.75,1380.0,1028.25,1385.0941096817876,1028.8288761002032,1872.0,927.0,1770.0,497.25,1635.0,252.0,1524.305799648506,103.43673110720562,1458.0,76.5), 1.6717281203429464
frame_12, (405.0,31.5,132.49439583483985,80.46585074842723,54.0,387.0,78.0,427.5,102.0,461.25,504.0,697.5,990.0,967.5,1116.0,992.25,1203.3125,1004.15625,1576.7142857142858,961.0714285714286,1671.0,922.5,1809.0,724.5,1827.9579340894095,629.5207502120572,1505.9691062890768,92.49742552408975,832.3953488372092,36.36627906976744,575.5547368421052,30.050526315789472,405.0,31.5), 1.7192074511625124
frame_13, (1635.0,252.0,1547.9840630152041,137.2289796666056,1455.0,105.75,776.9449918787222,53.419897130481864,117.0,83.25,34.779484207476095,270.2353665604173,54.0,387.0,69.0,429.75,102.0,461.25,738.0,864.0,990.0,967.5,1380.0,1028.25,1407.0,1030.5,1671.0,922.5,1803.613531225906,732.2284117193524,1635.0,252.0), 1.693580969632022
frame_14, (1576.7142857142858,961.0714285714286,1671.0,922.5,1809.0,724.5,1839.0190961171227,574.1043284532145,1827.0,445.5,1509.8846416382253,75.96887992553522,1458.0,51.75,1069.9884476534296,40.26281588447653,366.0,72.0,117.0,83.25,78.0,191.25,69.0,429.75,102.0,461.25,738.0,864.0,990.0,967.5,1215.9574468085104,1002.697217675941,1576.7142857142858,961.0714285714286), 1.680521348566712
