frame_0, (150.0,891.0,546.0,1021.5,1173.0,1046.25,1749.0,951.75,1830.0,879.75,1845.1830985915492,742.0176056338029,1821.0,409.5,1779.8526863084924,252.11152512998268,1350.1182111956634,38.89711247784843,819.0,54.0,570.0,85.5,159.0,247.5,122.99999999999999,357.75,60.0,555.75,150.0,891.0), 1.7378966179767692
frame_1, (1830.0,580.5,1657.5263393091848,184.44937174701647,816.0,54.0,96.0,193.5,48.0,411.75,60.0,555.75,150.0,891.0,974.9890999174239,1016.1999587118084,1373.5561497326207,1013.346256684492,1749.0,951.75,1830.0,580.5), 1.7273027902113425
frame_2, (150.0,891.0,1041.6870092790862,1026.3220021413276,1441.4244471744469,1017.9163083538084,1578.0,1003.5,1838.5287232029411,614.8079532859344,1832.7975816765493,549.0244157656086,1602.0,184.5,1581.9251101321584,173.13105726872246,819.0,56.25,96.0,193.5,48.0,411.75,60.0,558.0,150.0,891.0), 1.7006132143558006
frame_3, (819.0,58.5,96.0,193.5,60.10874916088611,546.0033564555829,60.0,555.75,250.94404332129963,923.4462996389892,549.0,1019.25,1752.0,951.75,1857.0,587.25,1602.0,184.5,1571.657004830918,172.0869565217391,819.0,58.5), 1.6909066134087158
frame_4, (889.5847953216374,47.91228070175439,819.0,58.5,96.0,193.5,59.60229132569558,550.977495908347,60.0,555.75,245.3910447761194,912.7530254134732,594.0,992.25,938.9076200417536,997.3723903966597,1752.0,951.75,1817.0770456960681,725.8396842265067,1813.8906250000002,608.3973214285719,1805.154746104311,538.0110971833063,1322.775288764438,79.88169408470425,1251.6847521047707,61.06361085126286,889.5847953216374,47.91228070175439), 1.6717441117540124
frame_5, (1640.026002838127,244.55871624727678,819.0,56.25,96.0,193.5,60.0,555.75,255.041022404544,931.335752603345,448.8027597402598,1005.7402597402597,549.0,1019.25,1749.0,951.75,1824.767572633552,696.0344423617622,1800.1150029188557,497.40516637478106,1640.026002838127,244.55871624727678), 1.6746195347737851
frame_6, (255.041022404544,931.335752603345,448.80275974025983,1005.7402597402597,549.0,1019.25,1749.0,951.75,1540.8663806313211,531.2351363775667,1388.4009983361066,314.9363560732113,1309.3404255319147,264.11170212765956,819.0,56.25,96.0,195.75,60.09662267949005,547.0901923507045,60.0,555.75,255.041022404544,931.335752603345), 1.6846833856227474
frame_7, (60.0,555.75,235.93573145205053,894.5451585394217,549.0,1021.5,1749.0,951.75,1612.2016272827943,237.7462485219317,819.0,54.0,96.0,195.75,59.64590163934427,551.5008196721311,60.0,555.75), 1.673666640463485
frame_8, (546.0,1021.5,1749.0,951.75,1815.319884726225,727.9203890489913,1807.8317001959767,509.59300883893934,1639.4805968353287,243.69729558991634,823.5127926810359,52.80574507675609,808.6063640768858,53.787756420610556,96.0,193.5,60.0,555.75,546.0,1021.5), 1.6865123771144714
frame_9, (1855.2678705697936,585.9255546917813,1242.0,117.0,1122.0,101.25,705.138013624063,68.38659056269246,96.0,193.5,60.0,555.75,549.0,1019.25,793.2288181327586,1029.8175930922828,1337.2229806598405,1019.3071672354948,1749.0,951.75,1855.523385300668,592.233574610245,1855.2678705697936,585.9255546917813), 1.6862560792683932
frame_10, (783.4727877838685,50.15764487079092,96.0,193.5,60.0,555.75,549.0,1019.25,1749.0,951.75,1605.0,591.75,1268.8513111748055,152.11752060671878,920.2784184514003,67.37273476112026,819.0,51.75,783.4727877838685,50.15764487079092), 1.6766257574049601
frame_11, (549.0,1019.25,793.2288181327575,1029.8175930922828,1670.9891182180445,1012.858524062532,1749.0,951.75,1844.3,630.1125000000002,1834.3055360896988,551.4060967063771,1638.3785513801668,241.95671203279284,859.221,52.5285,819.0,54.0,741.639,58.88025,96.0,193.5,60.0,558.0,549.0,1019.25), 1.6717281203429464
frame_12, (1749.0,951.75,1752.0,238.5,1717.820239296526,193.75558598817935,819.0,54.0,96.0,193.5,63.2373557187828,515.2759706190976,63.0,558.0,150.0,891.0,448.80275974025966,1005.7402597402597,549.0,1019.25,1749.0,951.75), 1.7192074511625124
frame_13, (1668.0,508.5,1602.0,184.5,1481.9657924743444,157.08309578107185,819.0,54.0,96.0,193.5,72.0,407.25,60.0,558.0,281.0962573867367,981.5188443860801,281.9433962264151,982.1037735849056,286.6842105263156,983.8815789473683,549.0,1019.25,820.8740157480314,1031.013779527559,1331.464491362764,1020.2519193857966,1749.0,951.75,1668.0,508.5), 1.693580969632022
frame_14, (282.0,983.25,549.0,1019.25,1749.0,951.75,1602.0,184.5,1290.0,128.25,1122.0,101.25,819.0,54.0,795.5310344827585,53.14137931034483,498.00000000000006,74.25,99.0,195.75,80.68338146495144,273.3262667366763,59.0619335347432,546.5673149546828,60.0,558.0,282.0,983.25), 1.680521348566712
