frame_0, (1182.0,99.0,1002.2618683001532,65.83403522205207,279.0,40.5,45.0,90.0,43.654536135315226,117.10148641722196,150.0,900.0,161.87540418193575,936.2623949126967,813.0,1005.75,1275.333799860042,1050.9783065080476,1439.4737528529508,1025.691881317248,1611.0,947.25,1686.0,909.0,1824.0281074328545,756.7631168019986,1874.1976284584978,457.0434782608708,1874.7042253521129,452.0281690140844,1749.0,357.75,1618.1174999999998,261.14625,1182.0,99.0), 1.7383777725924032
frame_1, (1797.0,814.5,1797.1419847328245,814.3007633587786,1820.472952853598,411.8415632754343,1371.0,78.75,248.0247645622602,28.013167073596094,118.4642431466031,28.779797377830754,45.0,90.0,36.0,535.5,45.0,571.5,114.0,796.5,161.92742292373507,944.5957368343414,234.0,951.75,1272.7846392018578,1050.944289154554,1437.4888041924726,1025.7073606479275,1686.0,909.0,1797.0,814.5), 1.717219011028873
frame_2, (1764.0,866.25,1851.0647385984428,740.3170745272524,1851.5059717698155,633.4283387622148,1845.0,524.25,1827.0,425.25,1371.0,78.75,275.40000000000003,29.25,117.89999999999999,29.25,45.0,90.0,36.68446601941748,501.61893203883494,36.50841346153846,537.5336538461539,45.0,571.5,114.0,796.5,510.0,972.0,747.0,1026.0,1284.0,1039.5,1471.784029267062,1009.6014255077583,1686.0,909.0,1764.0,866.25), 1.709515163001502
frame_3, (142.93549243429786,884.40310591983,175.58532518065599,907.7426347971095,510.0,972.0,813.0,1005.75,1533.059494298463,980.8248636588994,1686.0,909.0,1764.0,866.25,1798.9707112970711,815.6673640167363,1829.9910581222055,373.6274217585693,1740.0,240.75,1371.0,78.75,282.0693405846363,29.551325628823932,117.47893057542085,29.3472879304654,42.0,90.0,36.8150289017341,474.9841040462426,36.50841346153846,537.5336538461539,45.0,571.5,96.23175965665207,738.5600858369089,142.93549243429786,884.40310591983), 1.6885098269865826
frame_4, (1350.0,74.25,915.02309148265,55.859432176656156,42.0,90.0,36.0,535.5,45.0,571.5,114.0,796.5,510.0,972.0,813.0,1005.75,1485.0,996.75,1686.0,909.0,1764.0,866.25,1800.5855999999999,813.3315428571428,1830.0414201183435,441.97781065088793,1827.0,425.25,1760.2526860326304,272.47920811778744,1740.0,240.75,1350.0,74.25), 1.6911056868479897
frame_5, (45.0,571.5,87.0,711.0,510.0,972.0,747.0,1026.0,1284.0,1039.5,1791.0,501.75,1822.6500724987918,434.4935959400676,1821.6736292428197,417.1429503916449,1725.0,270.0,1371.0,78.75,244.9638055842813,27.874870734229578,124.91642561175829,28.676374012977874,36.0,535.5,45.0,571.5), 1.7049447945231093
frame_6, (45.0,571.5,372.0,873.0,466.8894472361809,941.072864321608,747.0,1026.0,927.0472440944882,1035.8326771653544,1284.0,1039.5,1788.0,972.0,1845.0,524.25,1827.0,425.25,1371.0,78.75,42.0,90.0,36.8150289017341,474.9841040462428,36.50841346153846,537.5336538461539,45.0,571.5), 1.6794467276786715
frame_7, (1296.0,1005.75,1485.0,996.75,1611.0,945.0,1686.0,909.0,1764.0,866.25,1809.917289925209,799.8339199296084,1845.0,524.25,1827.0,425.25,1379.9031252030406,85.51520369046844,1312.6618525204833,72.6713650881822,126.0,22.5,45.0,90.0,36.0,535.5,45.0,571.5,124.8279301745636,828.5928927680799,972.0,963.0,1296.0,1005.75), 1.6960203022449816
frame_8, (45.0,571.5,372.0,873.0,510.0,972.0,717.0771628994556,996.5904130943104,1273.5163822525597,1050.8321672354948,1438.220722135008,1025.5952119309263,1611.0,945.0,1686.0,909.0,1764.0,866.25,1809.917289925209,799.8339199296086,1845.0,524.25,1827.0,425.25,1379.9031252030406,85.51520369046844,1336.270596426085,77.18090044093758,244.9638055842813,27.874870734229578,118.53724199820522,28.718965001495665,45.0,90.0,38.01223776223776,230.7534965034965,36.45854922279793,547.7059585492228,45.0,571.5), 1.6813270376996432
frame_9, (45.0,571.5,372.0,873.0,510.0,972.0,632.7283126787414,1009.4606768350809,747.0,1026.0,925.8726114649694,1037.6656050955414,1252.304528650647,1054.0823706099816,1788.0,972.0,1811.1438458406842,647.5410842719504,1791.0,501.75,1702.4485436893206,330.6072815533981,1371.0,78.75,45.0,90.0,36.0,535.5,36.53896961690885,547.9299867899604,45.0,571.5), 1.6812198823311546
frame_10, (813.0,1005.75,1284.0,1039.5,1788.0,972.0,1852.38,587.385,1852.9756994292518,435.928420112749,1371.0,78.75,45.0,90.0,36.0,535.5,48.0,812.25,59.25700934579439,822.2278037383177,510.0,972.0,561.1678133413101,987.6180825605743,813.0,1005.75), 1.6792026567432476
frame_11, (36.50841346153846,537.5336538461539,45.0,571.5,117.0,796.5,180.0,893.25,510.0,972.0,747.0,1026.0,1284.0,1039.5,1788.0,972.0,1845.0,524.25,1827.0,425.25,1371.0,78.75,42.0,90.0,36.8150289017341,474.9841040462426,36.50841346153846,537.5336538461539), 1.6787758712471432
frame_12, (48.0,571.5,372.0,873.0,506.99999999999994,972.0,539.2464898595944,979.2554602184088,1113.2226148409893,1035.2067137809188,1284.0,1039.5,1788.0,972.0,1845.0,524.25,1834.4890510948906,423.0821167883212,1421.6170212765956,125.81425531914893,801.0,54.0,124.33434640731973,32.02168644826924,48.0,571.5), 1.713686393605316
frame_13, (45.0,90.0,48.0,571.5,372.0,873.0,506.99999999999994,972.0,515.1818181818181,973.8409090909091,813.0,1005.75,1356.0,1019.25,1788.0,972.0,1845.0,524.25,1827.0,425.25,1814.8477157360408,408.9403553299493,1356.4217832851953,78.87368396534055,45.0,90.0), 1.5751864154713104
frame_14, (45.0,90.0,39.153083539874615,560.6767750400934,137.4607828764111,869.9863656355373,180.0,893.25,506.99999999999994,972.0,1284.0,1039.5,1788.0,972.0,1810.1391064693935,839.7379242819843,1692.0,353.25,1182.0,99.0,893.6813620211644,77.49896520754422,45.0,90.0), 1.6892952999590796
