frame_0, 
(486.0,69.75,300.0,159.75,129.0,276.75,141.0,472.5,148.80334553928097,540.9743571071905,538.2988915043869,852.4846222983094,1266.6915404506835,847.9416328038419,1461.78515625,670.26708984375,1496.1921737688608,167.06445863040955,1150.7293718093856,79.27826964564154,489.7818864939687,68.08152066442555,486.0,69.75), 1.7383777725924032
frame_1, 
(411.2168878847783,99.05718723524427,96.94672781795731,231.15426001058387,54.49177971099971,286.42579622530224,204.04520306962752,671.6391594217678,1251.0,859.5,1713.835869719812,663.8815246764331,1758.5164848514298,531.0963215821571,1615.7209918768704,133.0805258657546,1509.0,76.5,411.2168878847783,99.05718723524427), 1.717219011028873
frame_10, 
(354.0,200.25,165.0,353.25,85.11964166728363,456.2207744132672,91.4339774617776,485.7968849978546,1383.0,992.25,1431.0,996.75,1582.6222355979262,699.8896229345863,1482.9014459164055,100.09840264426244,753.0,92.25,525.8176126878129,96.83029006677798,480.0,117.0,354.0,200.25), 1.6792026567432476
frame_11, 
(1278.1389885807505,97.89665579119087,753.0,92.25,510.15558359621457,97.1460567823344,351.0,157.5,110.00645161290323,427.6664516129032,298.30434782608694,907.8260869565217,686.5609756097562,1004.890243902439,1360.705719044975,960.1553303720156,1377.0,868.5,1459.7471706211104,115.76767370473694,1278.1389885807505,97.89665579119087), 1.6787758712471432
frame_12, 
(339.0,139.5,168.0,351.0,198.0,504.0,549.0,587.25,1326.0,762.75,1560.5270270270269,567.9121621621622,1493.0835322195703,163.2511933174224,1374.0,141.75,729.0,51.75,580.1610775151181,66.17399670148433,339.0,139.5), 1.713686393605316
frame_13, 
(1569.2929133858268,177.01122047244095,1374.0,141.75,966.0000000000001,85.5,759.0,60.75,544.5361360415683,77.00590458195559,339.0,139.5,228.0,225.0,168.0,351.0,153.0,537.75,1201.5120892746436,925.1880037197768,1462.0067997367844,936.0419499890328,1716.0,438.75,1569.2929133858268,177.01122047244095), 1.5751864154713104
frame_14, 
(423.0,119.25,168.0,351.0,153.0,537.75,465.08326827998957,792.0107338017175,1263.5256138223704,894.9349424067899,1374.0,868.5,1569.7579434775666,622.5146894459524,1485.715409367179,117.02356516435677,1078.9398496240601,60.621911922663806,520.8855602156981,87.19592570401439,423.0,119.25), 1.6892952999590796
frame_2, 
(81.0,344.25,201.0,409.5,549.0,587.25,1306.6458464545553,955.1715441416006,1620.0,942.75,1783.1467387438652,457.89828579557576,1773.0,297.0,1518.0,121.5,969.3688524590165,65.89549180327869,517.0888554216868,85.84902108433735,228.0,225.0,81.0,344.25), 1.709515163001502
frame_3, 
(1716.0,438.75,1614.570119156737,100.22777268560954,1504.9528259521417,42.49041977631888,561.7470733718054,86.41916735366858,81.0,344.25,84.20930232558139,362.9709302325581,201.47815619585052,665.0270689893119,1326.0,762.75,1716.0,438.75), 1.6885098269865826
frame_4, 
(52.32942177632463,289.2409414610114,123.43575418994413,628.7053072625698,135.0,659.25,1245.0,756.0,1326.0,762.75,1716.0,438.75,1518.0,121.5,1212.340039070618,78.93975227565568,264.7897675861534,101.81516119024843,118.20435217608804,203.4792396198099,52.32942177632463,289.2409414610114), 1.6911056868479897
frame_5, 
(1539.5349887133184,156.0049250974759,1497.0,146.25,675.0,101.25,318.51309707241916,102.92103235747304,104.48775952897428,221.33669042454292,52.32942177632463,289.2409414610114,92.47919749067883,480.9175149434811,549.0,587.25,1326.0,762.75,1719.9408363287268,651.007166618294,1757.0364377883266,539.3681888079159,1716.0,438.75,1539.5349887133184,156.0049250974759), 1.7049447945231093
frame_6, 
(1716.0,438.75,1574.9543548580327,187.11174673535402,1512.0,177.75,753.0,92.25,411.00797253903227,99.14500055364854,226.21541302887843,176.81879617192746,81.0,344.25,72.4459247648903,396.85756269592474,81.7817794190429,440.5863535995736,1326.0,762.75,1716.0,438.75), 1.6794467276786715
frame_7, 
(1244.0244081034905,937.8785696851355,1377.0,868.5,1758.7434957459031,363.46046836101004,1773.0,297.0,1656.7624529555014,200.59121098073942,1512.0,180.0,723.0,114.75,467.41651376146785,109.30432912844037,136.4328674504264,273.07227912609113,99.49038461538461,380.03365384615387,71.20400995170496,479.03596516903264,1244.0244081034905,937.8785696851355), 1.6960203022449816
frame_8, 
(1860.0,229.5,1512.0,180.0,723.0,114.75,435.2390975240513,108.61873077110904,129.0,276.75,208.63222185539783,558.3067844172995,1285.20155097266,956.1122804203853,1408.6533108716044,951.2289038421042,1860.0,229.5), 1.6813270376996432
frame_9, 
(208.51610865445357,678.8660770688566,579.9971087366436,777.9872093023256,1370.1988115069994,902.8150873965042,1377.0,868.5,1461.4949822904368,99.86822561602621,753.0,92.25,414.84750503468337,99.06759062430073,159.87892844717615,205.1877536820132,95.66752081998719,391.1021780909673,208.51610865445357,678.8660770688566), 1.6812198823311546
