frame_0, (614.1197670185658,49.800600655260276,516.0,51.75,177.1185615283761,134.84112193294624,75.0,308.25,1308.0,1005.75,1708.9851739213077,968.3911328644745,1791.0,810.0,1880.2659974905898,198.52791718946048,1879.9216589861749,187.1647465437788,1863.0,87.75,614.1197670185658,49.800600655260276), 1.7383777725924032
frame_1, (48.0,166.5,90.0,369.0,585.2767784963622,914.6338672190784,942.0,965.25,1308.0,1005.75,1836.0,922.5,1869.596715328467,430.4069343065701,1863.0,303.75,1860.0,294.75,714.0,72.0,306.0,76.5,200.47518307567128,86.09316517493897,48.0,166.5), 1.717219011028873
frame_2, (90.0,366.75,604.388299731966,935.2844365458571,1308.0,1005.75,1837.9703001332184,893.6408980487423,1869.5821303160358,430.62056184159263,1863.0,303.75,1251.0,128.25,711.0,72.0,237.0,67.5,173.2129144851658,80.85078534031413,100.48187311178248,131.82212990936557,71.11671826625387,277.5991486068112,84.0,348.75,90.0,366.75), 1.709515163001502
frame_3, (1056.0,913.5,1699.7949921752738,920.9284037558685,1838.3136901976313,890.9398196479355,1870.16113179449,456.52081161578553,1863.0,303.75,1251.0,128.25,584.7576664173523,40.90725504861631,457.14677591734954,39.94050587816174,169.57886830245366,83.39759639459189,100.43951612903226,131.85181451612902,49.15596330275229,324.16513761467894,47.80469928863979,439.6982108212977,150.0,819.0,1056.0,913.5), 1.6885098269865826
frame_4, (99.0,585.0,150.0,819.0,261.0,843.75,942.0,965.25,1308.0,1005.75,1848.0011606987407,729.9115692646974,1863.0,537.352941176471,1863.0,303.75,1521.0,110.25,642.3834586466164,41.608082706766915,576.0,42.75,412.5339805825243,54.68446601941747,240.0,94.5,101.26829268292681,146.52439024390245,73.17152542372881,373.0545762711865,99.0,585.0), 1.6911056868479897
frame_5, (1781.9027310641734,961.5975716399838,1836.0,922.5,1869.5821303160358,430.62056184159184,1863.0,303.75,1251.0,128.25,544.9403702813177,35.68730464053859,493.0,36.11538461538461,240.0,94.5,151.51310043668124,212.4825327510917,87.0,348.75,84.87319884726226,367.8912103746398,122.99999999999999,686.25,150.0,819.0,297.0,904.5,1308.0,1005.75,1781.9027310641734,961.5975716399838), 1.7049447945231093
frame_6, (150.0,819.0,328.0053953102303,977.6569827765096,451.5212034946501,1003.7236306076372,1308.0,1005.75,1773.568496718408,932.3436035003646,1806.0,897.75,1846.1242472902447,774.2095543958251,1866.1059897051944,481.5357978474483,1871.5448152027532,60.02682178662277,1746.0,33.75,612.0,36.0,490.36252545824846,36.724032586558046,240.0,94.5,86.8889672188932,298.6480437081424,66.83901292596946,494.6721504112808,150.0,819.0), 1.6794467276786715
frame_7, (1732.8925035360678,938.7570058345121,1863.0,722.25,1867.9399514057618,146.12816730301975,1866.0,139.5,1746.0,33.75,234.0,38.25,87.41344924571722,294.0717207875224,81.31615925058547,353.8469387755102,99.0,585.0,150.0,819.0,329.85315985130114,979.3039033457248,447.3253228299347,1003.7137034451812,1308.0,1005.75,1732.8925035360678,938.7570058345121), 1.6960203022449816
frame_8, (52.875,675.28125,150.0,819.0,328.0053953102303,977.6569827765096,451.5212034946501,1003.7236306076372,1308.0,1005.75,1732.8925035360678,938.7570058345121,1847.9633641287035,747.2719018795793,1866.1059897051944,481.5357978474518,1869.8671135646687,190.0486987381698,1866.0,139.5,752.608043342363,70.42467180662638,714.0,72.0,245.99999999999997,148.5,142.58291457286433,248.22361809045225,90.0,369.0,52.875,675.28125), 1.6813270376996432
frame_9, (150.0,819.0,278.2357064622125,933.2970427163199,1205.572089041096,1005.5076626712329,1308.0,1005.75,1732.8925035360678,938.7570058345121,1847.9633641287035,747.2719018795794,1866.1059897051944,481.5357978474497,1870.328527291452,154.2891349124614,1866.0,139.5,511.763997323221,55.48260093687263,245.99999999999997,148.5,195.97324414715717,196.74008600095556,100.81710213776724,593.3372921615203,150.0,819.0), 1.6812198823311546
frame_10, (1878.8389175257732,183.36630154639175,1866.0,139.5,1779.0,67.5,1129.206041038277,55.198075534219804,240.0,94.5,167.31891891891894,191.4081081081081,90.0,369.0,72.22222222222223,515.6666666666666,150.0,819.0,278.2357064622125,933.2970427163199,1205.572089041096,1005.5076626712329,1308.0,1005.75,1836.0,922.5,1882.4415029888985,242.2685738684881,1878.8389175257732,183.36630154639175), 1.6792026567432476
frame_11, (90.0,369.0,1339.244433903531,924.2867392013281,1473.0,913.5,1794.0,812.25,1866.4836363636364,315.970909090909,1867.9399514057618,146.12816730301978,1866.0,139.5,1734.0,67.5,1272.8336933045357,48.84989200863931,240.0,94.5,151.5131004366812,212.48253275109172,87.0,348.75,90.0,369.0), 1.6787758712471432
frame_12, (150.0,816.75,276.0,870.75,882.0,992.25,1794.0,812.25,1860.417063663924,357.5073624945852,1863.0,303.75,1251.0,128.25,714.0,72.0,240.0,94.5,78.0,310.5,59.757248819959536,464.8032703978422,150.0,816.75), 1.713686393605316
frame_13, (1046.4481236203094,980.1887417218543,1833.0,922.5,1872.7239382239384,372.98552123552054,1863.0,87.75,516.0,54.0,240.0,94.5,78.0,310.5,81.39579349904398,493.0239005736138,150.0,816.75,276.0,870.75,854.2541888556955,986.6871022210677,1046.4481236203094,980.1887417218543), 1.5751864154713104
frame_14, (216.0,184.5,78.0,310.5,45.0,407.25,150.0,819.0,857.9659090909091,986.5616034836066,1610.4075875486383,961.1204401750972,1826.4112393813982,924.1415541276411,1842.3116240725474,836.405502885408,1863.0,554.203125,1863.0,303.75,1251.0,128.25,543.163372452131,56.74405497220506,216.0,184.5), 1.6892952999590796
