frame_0, 
(1773.0,236.25,1617.83313848443,76.90556913593367,1337.0332066413282,45.804310862172436,1089.0,38.25,506.99999999999994,60.75,114.0,76.5,47.88027154906398,304.2457313310018,45.915525406373995,364.0722513759119,372.0,580.5,924.0,722.25,1370.8876132930513,792.3194864048338,1743.0,411.75,1773.0,236.25), 1.7383777725924032
frame_1, 
(1646.071904899971,54.06523630037694,1203.0336508730904,25.53625782137325,1139.7424717263932,21.460689467229866,602.0677966101695,19.68813559322034,441.0,20.25,114.0,76.5,45.51117964533538,303.98072474942177,36.0,666.0,860.6843054720385,817.8625977149729,1743.0,411.75,1750.495652173913,389.2630434782609,1681.529491289737,63.47513422689173,1646.071904899971,54.06523630037694), 1.717219011028873
frame_10, 
(336.0,36.0,114.0,76.5,63.0,168.75,50.22349427575909,235.02812344449976,45.38575309387263,381.6116812556595,168.0,555.75,282.0,670.5,924.0,724.5,1332.0,735.75,1651.2464589235128,112.39376770538243,1591.9813717188824,50.58213378492803,1171.8132967320264,23.525856228956243,1139.7424717263932,21.460689467229866,594.6579634464753,19.663707571801567,336.0,36.0), 1.6792026567432476
frame_11, 
(336.0,36.0,298.3777490297542,42.86351875808538,93.19161105815061,114.13870352716873,63.0,168.75,49.97897066961816,242.43718871056998,45.504981000308106,377.9990756906645,168.0,555.75,282.0,670.5,1690.1420612547183,823.4391084141622,1733.4704276615105,767.0923566878981,1746.0,675.0,1770.0,236.25,1100.1030927835052,22.5,549.75,22.5,336.0,36.0), 1.6787758712471432
frame_12, 
(1770.0,236.25,1591.9813717188824,50.58213378492804,1350.1910880380722,35.01230491154253,1145.2072819033885,21.81259012256669,441.0,20.25,357.0,20.25,114.0,76.5,60.0,168.75,49.9314263322884,231.42687108150471,366.0,546.75,1572.898706321686,899.3348726327022,1743.0,411.75,1770.0,236.25), 1.713686393605316
frame_13, 
(336.0,36.0,114.0,76.5,63.0,168.75,49.97897066961816,242.43718871056998,45.504981000308106,377.9990756906645,168.0,555.75,279.0,666.0,924.0,724.5,1332.0,735.75,1746.0,675.0,1779.0,657.0,1800.8478423547017,644.0278436018957,1774.7240506329113,191.9929475587703,1698.3455999999999,82.53989999999999,1620.4473007712083,52.41516709511569,1249.172288978821,28.50730648727256,1145.2072819033885,21.81259012256669,441.0,20.25,336.0,36.0), 1.5751864154713104
frame_14, 
(357.0,20.25,96.0,54.0,60.0,168.75,52.67665130568356,214.33784562211983,323.7678193189367,673.1779644553624,1812.0,837.0,1831.164985590778,549.5252161383285,1731.3854748603353,223.9289179653043,1097.6177897905277,21.70699213710916,441.0,20.25,357.0,20.25), 1.6892952999590796
frame_2, 
(1681.6940241479444,62.32232920678588,1650.2177791448783,54.33220547523839,1253.9881784382005,28.81742058124776,1146.0507968127492,21.86690737051793,519.409608091024,20.58280657395702,444.0,22.5,114.0,76.5,63.0,168.75,49.89438943894389,242.91584158415844,45.58154506437768,374.24195278969955,189.0,546.75,924.0,724.5,1812.0,837.0,1841.4531021281387,668.7774743835153,1834.607994041708,610.4514492303873,1681.6940241479444,62.32232920678588), 1.709515163001502
frame_3, 
(1703.9239065869049,973.1420852373446,1770.0,236.25,1683.2312775330397,62.71255506607929,1649.5074370709383,54.151887871853546,1353.0,33.75,1151.6733870967741,21.873991935483872,672.8987341772151,20.895569620253163,444.0,22.5,114.0,76.5,63.0,168.75,49.89438943894389,242.91584158415844,42.72363753627862,461.26523702031596,68.06368853381345,671.9044109373242,1703.9239065869049,973.1420852373446), 1.6885098269865826
frame_4, 
(1764.934036939314,108.96767810026384,1699.4470588235295,68.32058823529412,1645.8207147183525,54.04906117504543,1145.133153638814,21.8078167115903,441.0,20.25,114.0,76.5,63.0,168.75,55.0615228311791,213.67456397810014,395.6565319845968,584.7138197597563,1717.6387379933087,820.191900205058,1770.0,236.25,1764.934036939314,108.96767810026384), 1.6911056868479897
frame_5, 
(1767.0,85.5,1647.2712328767125,54.142465753424666,1155.8823529411766,22.5,558.4285714285714,22.5,402.0,33.75,266.86978090119885,53.8083918974783,93.19161105815061,114.13870352716873,63.0,168.75,49.97897066961816,242.43718871056998,45.51039697542533,377.8349716446125,105.0,463.5,372.0,580.5,1319.6263411391808,847.5497690983675,1800.652235201248,357.15324073639005,1767.0,85.5), 1.7049447945231093
frame_6, 
(924.0,724.5,1332.0,735.75,1779.0,657.0,1770.0,236.25,1684.521739130435,65.29347826086956,1642.9640287769785,53.86510791366907,1155.8823529411766,22.5,549.75,22.5,336.0,36.0,114.0,76.5,63.0,168.75,49.97897066961816,242.43718871056998,36.0,666.0,924.0,724.5), 1.6794467276786715
frame_7, 
(536.3547915142648,23.346013167520116,336.0,36.0,114.0,76.5,63.0,168.75,49.97897066961816,242.43718871056998,45.504981000308106,377.9990756906645,168.0,555.75,924.0,724.5,1332.0,735.75,1893.0,173.25,1614.8464004663363,52.054503060332266,1300.326100433974,31.801301921884686,834.0,24.75,536.3547915142648,23.346013167520116), 1.6960203022449816
frame_8, 
(549.0,24.75,114.0,76.5,63.0,168.75,87.0,292.5,204.0,434.25,372.0,580.5,1740.585090538528,824.2792192521753,1778.7988338192422,632.3797692990239,1743.0,411.75,1698.7249787698654,161.91238020138297,1591.9813717188824,50.58213378492804,1155.8823529411766,22.5,573.0,22.5,549.0,24.75), 1.6813270376996432
frame_9, 
(405.0,33.75,114.0,76.5,63.0,168.75,47.2142064372919,258.0832408435072,43.97269323937459,375.99328341774935,165.0,553.5,924.0,724.5,1691.6868616338922,821.4301592972085,1734.5641405902415,765.6700281773692,1746.0,675.0,1770.0,236.25,1100.1030927835052,22.5,559.2857142857142,22.5,405.0,33.75), 1.6812198823311546
