frame_0, 
(232.0420580700256,992.8418018787361,605.1428571428571,1021.1785714285714,1032.0,994.5,1860.0,819.0,1867.9231634785406,647.2654316026365,1854.0,227.25,1830.961874138723,111.61632981166744,1797.0,78.75,1623.0,45.0,1588.5738368172622,40.37559002022926,93.0,99.0,232.0420580700256,992.8418018787361), 1.7363483605861758
frame_1, 
(1650.0,63.0,651.0,22.5,174.0,348.75,81.0,437.9651162790698,81.0,525.756880733945,363.651429631806,943.8994773222818,895.7405161472288,984.1838245663517,1077.0,956.25,1170.0,859.5,1422.0,549.0,1758.5408450704226,105.84507042253524,1650.0,63.0), 1.7243734901519674
frame_10, 
(639.0,1023.75,1743.0,774.0,1815.0,103.5,1815.0,97.3125,1794.0,78.75,1623.0,47.25,1497.9221105527638,29.048366834170853,651.0,22.5,90.0,231.75,60.0,382.5,232.73806889252384,1028.0719354373136,639.0,1023.75), 1.690473177270789
frame_11, 
(93.0,99.0,70.48279816513761,292.4432339449541,58.81398667935299,433.49857278782116,56.793634496919914,520.3737166324435,118.17857142857143,870.2678571428571,162.0,936.0,225.98870636550308,1028.1437371663244,639.0,1023.75,1077.0,954.0,1743.0,774.0,1815.0,103.5,1815.0,95.25,1797.0,78.75,1623.0,47.25,1497.9221105527638,29.048366834170853,651.0,22.5,93.0,99.0), 1.6975922568852937
frame_12, 
(107.0073580133364,229.84145780639227,131.87192139363253,462.0990839268857,639.0,1023.75,1074.0,956.25,1743.0,774.0,1809.3228200371057,90.04591836734694,1797.0,78.75,1623.0,47.25,1497.9221105527638,29.048366834170853,651.0,22.5,107.0073580133364,229.84145780639227), 1.7270673688631581
frame_13, 
(594.2022008253094,22.270976616231085,408.0,24.75,93.0,99.0,81.0,922.5,639.0,1023.75,1077.0,954.0,1743.0,774.0,1815.0,103.5,1815.0,95.25,1797.0,78.75,1623.0,47.25,1497.9221105527638,29.048366834170853,651.0,22.5,594.2022008253094,22.270976616231085), 1.7079405334463733
frame_14, 
(408.0,24.75,93.0,99.0,83.88912458187158,724.2338255690626,182.5028301716187,930.1847568584191,890.1272501551831,983.7588454376164,1077.0,954.0,1743.0,774.0,1803.7354838709678,208.4008064516129,1311.8750000000002,23.953125,957.239467849224,18.63359201773836,852.7282398452612,18.829061895551256,408.0,24.75), 1.6928557302282405
frame_2, 
(93.0,99.0,81.0,192.375,81.0,732.1153846153845,84.0,753.75,122.99999999999999,897.75,146.78441907320348,927.4805238415044,752.0044233466392,973.3015967202502,1269.0,742.5,1781.8210162461112,74.70559972347044,1613.8289421942586,29.944553676759735,651.0,22.5,93.0,99.0), 1.6925148568548543
frame_3, 
(1648.2779450062571,974.6910660533704,1810.6172711571674,126.40155440414509,1650.0,63.0,651.0,22.5,489.0,108.0,88.4239380881189,364.3126549995603,84.0409052963547,693.8619330303312,120.0,897.75,285.8199901768175,938.0068762278979,1032.0,994.5,1648.2779450062571,974.6910660533704), 1.7044369446707697
frame_4, 
(288.77890267798824,938.2308948399738,1032.0,994.5,1662.0,978.75,1663.9790473072514,977.425560648224,1743.0,774.0,1812.4625550660794,127.12995594713657,1650.0,63.0,805.6914893617022,28.77127659574468,600.8771846953235,48.953708077468114,489.0,108.0,89.14055930568948,363.85411764705884,83.22810748115214,769.5961241059347,122.99999999999999,897.75,288.77890267798824,938.2308948399738), 1.6972144473709447
frame_5, 
(1812.4625550660794,127.12995594713657,1650.0,63.0,651.0,22.5,595.6611570247934,22.27685950413223,411.0,24.75,95.67098632109432,98.37634989200865,122.99999999999999,897.75,288.77890267798824,938.2308948399738,1032.0,994.5,1661.7145554087217,983.2550972248441,1743.0,774.0,1812.4625550660794,127.12995594713657), 1.5858807106378265
frame_6, 
(93.0,20.25,104.7948717948718,176.40384615384616,221.92284921369102,945.0561979648473,639.0,1023.75,672.0,999.0,1765.8427693730594,73.10946686926074,1623.0,47.25,1489.817242092206,27.86892702088071,666.4203821656051,18.67466927976482,93.0,20.25), 1.685126043836618
frame_7, 
(1794.0,78.75,1491.0,29.25,1489.2449127906978,28.96384447674419,201.4673684210527,18.937894736842104,93.0,20.25,82.29354445797807,825.2416260657735,122.99999999999999,897.75,146.26422407110744,927.5955506175392,937.1683913452493,989.3459548447788,1107.0,969.75,1743.0,774.0,1854.0,227.25,1831.3992932862193,113.81183745583039,1794.0,78.75), 1.688200598756602
frame_8, 
(441.0,87.75,135.00047103155913,217.73210080075367,171.0,319.5,450.0,904.5,639.0,1023.75,1077.0,954.0,1854.0,227.25,1830.914798206278,111.38004484304915,1794.0,78.75,1623.0,47.25,1608.0,45.0,1498.1215970961887,29.04990925589837,651.0,22.5,441.0,87.75), 1.6777511284198603
frame_9, 
(639.0,1023.75,1077.0,954.0,1743.0,774.0,1815.0,103.5,1815.0,95.25,1797.0,78.75,1606.6885245901642,28.042008196721312,651.0,22.5,93.0,20.25,234.75654853620955,1028.0504622496148,639.0,1023.75), 1.6760274714318766
