frame_0, (255.0,636.75,1236.0,832.5,1238.0650553563075,832.761032278185,1704.6911971227948,364.1824798766913,1591.067039546242,103.15400976839452,1191.0,29.25,1056.0,22.5,804.0,18.0,696.0,18.0,81.63161587029387,233.91932340790396,178.97849729662545,572.3428935429743,255.0,636.75), 1.7363483605861758
frame_1, (1110.0,787.5,1236.0,798.75,1552.2056404230318,806.927732079906,1797.0,274.5,1803.3249190938511,237.5669902912621,1556.0889822766308,22.070802119495706,1354.5101580135438,19.72686230248307,696.0,18.0,579.0,85.5,919.7008862483469,707.3817381521031,1110.0,787.5), 1.7243734901519674
frame_2, (1110.0,787.5,1139.2560901708885,790.5759907889953,1749.7272727272727,311.5909090909091,1556.9034852546915,22.355227882037536,690.1714768407714,18.879029987329297,144.0,101.25,102.02348878285397,159.10951546147152,777.735686539436,738.080940719473,1110.0,787.5), 1.6925148568548543
frame_3, (1188.0,29.25,1056.0,22.5,696.0,18.0,636.0,38.25,288.0,159.75,158.4652694986509,207.7540471857941,782.4049334576586,743.9237729931339,892.31277900125,761.7466668650675,1742.1511050787028,304.04053136964933,1577.7432328995894,54.09613109734883,1188.0,29.25), 1.7044369446707697
frame_4, (1206.0,18.0,696.0,18.0,636.0,38.25,258.0,173.25,82.23409090909091,239.16221590909092,102.48500881834214,309.2751322751322,135.0,378.0,399.0,681.75,1110.0,787.5,1490.4975584415583,827.5055844155844,1763.6716478190629,334.6325222132472,1558.066319279962,24.140691615348175,1206.0,18.0), 1.6972144473709447
frame_5, (696.0,18.0,636.0,38.25,288.0,159.75,82.22230136631484,239.1213980444214,102.48500881834214,309.2751322751322,135.0,378.0,399.0,681.75,1110.0,787.5,1180.5990703707707,794.2594854610313,1416.0,720.0,1755.7737006701416,322.7055547282204,1558.2968711227413,24.48885605359923,696.0,18.0), 1.5858807106378265
frame_6, (1110.0,787.5,1194.3262474826583,796.3660774222421,1416.0,720.0,1755.7737006701416,322.7055547282204,1560.830406874967,28.314837409156016,1206.0,18.0,696.0,18.0,636.0,38.25,485.1850594227503,92.11247877758913,474.27074781571764,692.9453327447428,1110.0,787.5), 1.685126043836618
frame_7, (1155.0,789.75,1199.2570011668613,794.6674445740957,1416.0,720.0,1793.2658809863758,278.8662730198679,1567.653317393903,32.88590854751943,1329.0,24.75,696.0,18.0,636.0,38.25,288.0,159.75,147.0,220.5,126.0,245.25,157.33048681668018,403.6927476157826,399.0,681.75,1155.0,789.75), 1.688200598756602
frame_8, (1329.0,24.75,1053.0,22.5,691.196666179266,19.702551542623194,258.0,173.25,164.58623068432672,213.01396937086096,772.0742624618514,735.0463232088359,1155.0,789.75,1184.5026301469254,793.028070016325,1416.0,720.0,1760.7761805049056,316.85619838599627,1561.4112381899554,28.711555196419692,1329.0,24.75), 1.6777511284198603
frame_9, (633.0,38.25,258.0,173.25,147.0,220.5,177.44435040203132,440.5296233601355,471.0,873.0,1023.5086024698257,849.5886185394141,1747.9845325985234,310.94285834979723,1563.5758231356908,32.46078696504631,1206.0,18.0,696.0,18.0,633.0,38.25), 1.6760274714318766
frame_10, (1206.0,18.0,696.0,18.0,636.0,38.25,288.0,159.75,147.0,220.5,135.0,378.0,399.0,681.75,1032.7857493857493,776.015601965602,1746.0105263157893,307.96184210526314,1558.066319279962,24.140691615348175,1206.0,18.0), 1.690473177270789
frame_11, (399.0,681.75,1110.0,787.5,1533.0,830.25,1543.4962867883012,830.5039424222975,1767.1726881769887,339.9195662672769,1560.830406874967,28.314837409156016,1206.0,18.0,696.0,18.0,288.0,159.75,82.38552547431252,237.76255062886378,118.11898675342783,361.7909016964908,237.0,641.25,399.0,681.75), 1.6975922568852937
frame_12, (399.0,681.75,1128.4349833012027,812.4770527301855,1368.0,760.5,1416.0,722.25,1755.8643644684837,322.84246931558147,1556.7003617679443,22.07791118334819,1206.0,18.0,696.0,18.0,288.0,159.75,82.38552547431252,237.76255062886378,116.40864086408641,355.8544104410441,135.0,378.0,399.0,681.75), 1.7270673688631581
frame_13, (1364.612072055329,825.2189437283455,1757.3194597040003,325.03985975570345,1559.6288232060854,26.50028369297328,696.0,18.0,258.0,173.25,82.50653911358683,238.1825805279729,159.10319410319414,504.0442260442262,264.0,789.75,1364.612072055329,825.2189437283455), 1.7079405334463733
frame_14, (1053.0,807.75,1552.899424772272,809.8802532305637,1767.1726881769887,339.9195662672769,1560.830406874967,28.314837409156016,1206.0,18.0,696.0,18.0,258.0,173.25,82.04844290657438,236.59256055363323,159.10319410319408,504.04422604422604,264.0,789.75,1053.0,807.75), 1.6928557302282405
