frame_0, 
(642.0,236.25,525.0,299.25,39.0,657.0,78.0,767.25,237.0,855.0,712.9508513464557,920.7170631566236,1776.0,742.5,1827.0,423.0,1860.0,101.25,1597.3917159763312,88.94023668639052,642.0,236.25), 1.7363483605861758
frame_1, 
(549.0,726.75,1859.4141509433962,101.52951837140019,1824.0,54.0,504.0,209.25,57.0,605.25,51.860074626865675,659.2192164179105,378.0,715.5,549.0,726.75), 1.7243734901519674
frame_10, 
(57.0,605.25,39.0,657.0,39.0,794.25,144.0,882.0,501.0,956.25,772.6560693641618,967.735458815029,1296.0,657.0,1341.0,630.0,1563.0,434.25,1849.560632688928,112.95474516695958,1845.4545454545455,82.1590909090909,1843.355841040468,79.40454136561425,1843.0050580184468,78.94413864921155,504.0,209.25,57.0,605.25), 1.690473177270789
frame_11, 
(1861.7307692307693,204.23076923076925,1847.855787476281,100.16840607210627,1731.445450964947,89.80061047656558,504.0,209.25,57.0,605.25,39.0,657.0,36.21673003802282,694.574144486692,39.0,794.25,45.0,848.25,501.0,956.25,937.6868436349546,945.6622263127301,1869.0,636.75,1861.7307692307693,204.23076923076925), 1.6975922568852937
frame_12, 
(564.0,171.0,504.0,209.25,39.0,657.0,39.0,792.0,144.0,882.0,238.32483467757348,892.5628989717518,1506.0,708.75,1841.1480036346143,133.6019429151745,618.0,159.75,564.0,171.0), 1.7270673688631581
frame_13, 
(524.408163265306,197.00510204081633,504.0,209.25,57.0,605.25,42.19526627218934,758.8491124260356,43.27799783939503,793.3611811307167,237.0,855.0,1188.0041845908595,902.6494789774125,1707.0,686.25,1846.4241694752045,155.2079427341471,759.9698311652365,145.22214918350403,524.408163265306,197.00510204081633), 1.7079405334463733
frame_14, 
(787.041564792176,110.91839853300733,536.0813302601251,180.4015475798485,387.0,283.5,71.5762711864407,688.4719908072393,216.0,828.0,350.41638225255974,888.4873720136519,727.9738175675676,900.3534628378378,1506.0,708.75,1829.0658899156288,154.33607874648453,787.041564792176,110.91839853300733), 1.6928557302282405
frame_2, 
(39.0,657.0,963.2132407636994,881.2576245970743,1713.0,499.5,1859.7369258301846,101.9627162457745,1859.1486486486488,101.17318634423897,1583.6611909650924,76.31717512467,564.0,171.0,39.0,657.0), 1.6925148568548543
frame_3, 
(387.0,283.5,48.0,585.0,39.0,657.0,180.0,1026.0,1071.0,720.0,1659.0,263.25,1823.8155725394654,132.25851883990256,564.0,171.0,387.0,283.5), 1.7044369446707697
frame_4, 
(237.0,855.0,305.04082383229127,858.5122287605737,810.0,713.25,1659.0,263.25,1793.7356722013926,156.16530530262452,1761.0,135.0,564.0,171.0,387.0,283.5,40.94632911392405,727.7977215189874,41.358595194085034,742.793900184843,237.0,855.0), 1.6972144473709447
frame_5, 
(570.0,204.75,504.0,209.25,387.0,283.5,57.0,605.25,39.0,657.0,45.0,848.25,144.0,882.0,1506.0,708.75,1843.3831242873432,131.91063283922463,1761.0,135.0,570.0,204.75), 1.5858807106378265
frame_6, 
(522.0,249.75,387.0,283.5,89.08092485549133,573.9710982658959,39.0,657.0,45.0,848.25,685.5432342354353,880.1049726703106,1521.0,639.0,1840.8369374307802,133.77085547438722,693.0,227.25,522.0,249.75), 1.685126043836618
frame_7, 
(1827.0,423.0,1862.1765463917525,232.46037371134022,1860.4663292886307,131.13001035137157,561.0,171.0,387.0,283.5,57.0,605.25,39.0,657.0,237.0,855.0,665.352168060618,914.1448600251063,1704.9059492668412,674.5674122249154,1827.0,423.0), 1.688200598756602
frame_8, 
(237.0,855.0,904.4955891001763,889.4557439717702,1296.0,657.0,1860.0,103.5,1654.6727249123717,84.39530053226017,754.0528109028961,111.10860306643951,387.0,200.25,214.71189116968299,350.6307846471517,159.0,686.25,237.0,855.0), 1.6777511284198603
frame_9, 
(105.0,672.75,159.0,686.25,1160.0954514762752,891.9348413234301,1494.0,794.25,1881.0,132.75,1592.2811232449299,103.34344773790951,504.0,209.25,105.0,672.75), 1.6760274714318766
