frame_0, (522.0,990.0,789.0,969.75,1815.0,483.75,1838.875571820677,454.6516468435498,1827.0,137.25,1773.0190730106647,64.06432013945856,1654.6134675013163,56.32450418299888,397.64234152553513,116.03666419816314,359.6951768488746,253.92226688102895,522.0,990.0), 1.7363483605861758
frame_1, (237.0,699.75,522.0,990.0,1789.5761589403974,1050.635761589404,1803.0,1030.5,1867.5071360608945,267.16555661274975,1866.0,153.0,1614.7855644146034,40.363092740243395,1030.3706896551723,30.62284482758621,457.68143712574846,103.09278110445776,237.0,699.75), 1.7243734901519674
frame_2, (237.0,699.75,525.0,830.25,901.0862737302456,912.924137759666,1863.0,425.25,1863.3539823008848,424.05530973451323,1869.0,380.25,1871.596513075965,326.8916562889166,1866.0,153.0,1614.7855644146034,40.363092740243395,1030.3706896551723,30.62284482758621,330.0,119.25,237.0,699.75), 1.6925148568548543
frame_3, (330.0,119.25,522.0,990.0,1717.70262919311,1051.9203147260716,1783.9225948428457,1036.7167511840405,1884.0,72.0,1740.1135646687696,42.451892744479494,920.1238938053098,28.785398230088497,657.0,33.75,330.0,119.25), 1.7044369446707697
frame_4, (330.0,117.0,511.2266278646781,941.0148235722081,789.0,969.75,1599.0,623.25,1815.0,483.75,1848.9294954721863,421.11093143596383,1884.0,72.0,1860.0,69.75,1710.0,56.25,1383.0094637223976,37.27287066246057,876.7941176470588,29.602941176470587,815.8601337086558,30.752638986629137,330.0,117.0), 1.6972144473709447
frame_5, (1850.8579626972742,401.9139167862266,1833.0,202.5,1827.0,137.25,1757.2891335567258,42.73815222594543,920.1238938053098,28.785398230088497,831.3479883192732,30.460415314730696,543.0,207.0,525.0,830.25,776.0958783466416,995.5547865782057,1788.998391026525,1017.6978347814095,1850.8579626972742,401.9139167862266), 1.5858807106378265
frame_6, (1785.0,540.0,1844.5369754881594,452.4119495222268,1884.0,72.0,1788.1764705882351,43.252941176470586,1042.106302916275,30.818438381937913,840.0,76.5,552.0,231.75,900.0,821.25,1040.4072385029724,861.2738345917144,1785.0,540.0), 1.685126043836618
frame_7, (894.7945014790324,29.263311292848446,511.73445344400557,90.29489925697838,359.42887029288704,252.71452503922598,522.0,990.0,789.0,969.75,1839.0,562.0524523160763,1839.0,321.75,1833.0,202.5,1827.0,137.25,1746.0,72.0,1633.4059609455294,40.67343268242549,920.1238938053098,28.785398230088497,894.7945014790324,29.263311292848446), 1.688200598756602
frame_8, (1788.7340425531913,43.420212765957444,929.4298642533937,30.400452488687783,657.0,33.75,531.0,69.75,237.0,699.75,1713.0,1053.0,1847.5582630788774,519.8128825499488,1884.0,72.0,1788.7340425531913,43.420212765957444), 1.6777511284198603
frame_9, (1833.8029612756263,316.3197608200456,1833.0,202.5,1827.0,137.25,1746.0,72.0,1710.0,56.25,1588.9065420560746,40.39252336448598,876.7941176470588,29.602941176470587,657.0,33.75,531.0,69.75,432.0546534653465,281.7757425742574,762.0,814.5,812.0499219968798,852.0374414976599,1785.0,540.0,1833.8029612756263,316.3197608200456), 1.6760274714318766
frame_10, (1792.5642529321776,982.2013003569608,1884.0,72.0,1694.2135922330096,41.68689320388349,920.1238938053098,28.785398230088497,824.1183529411765,30.596823529411765,321.72944916742784,170.87424471299093,291.12414400313054,361.9105850127177,762.0,814.5,1724.1788241518418,1043.0527412208187,1792.5642529321776,982.2013003569608), 1.690473177270789
frame_11, (1839.0,321.75,1833.0,202.5,1827.0,137.25,1746.0,72.0,1633.4059609455294,40.67343268242549,979.8396226415094,29.78066037735849,657.0,33.75,348.0,144.0,324.27104722792603,152.89835728952772,237.0,699.75,1241.9586368366286,940.2660152185224,1800.6539613395046,901.6719303022053,1839.0,519.9545454545455,1839.0,321.75), 1.6975922568852937
frame_12, (402.0,186.75,358.30386896356964,247.61246822931375,522.0,990.0,655.4362175926384,996.7891542870626,1785.0,540.0,1838.7158519872087,508.52586797624485,1868.2724669092033,223.6087932502513,1866.0,153.0,1761.1573478476002,44.124938149430974,778.7192836318201,37.604331528529784,513.1695373665481,85.92181494661922,402.0,186.75), 1.7270673688631581
frame_13, (342.77895385880174,177.20455246120645,522.0,990.0,544.1434846266469,991.1266471449486,1816.4016840636755,900.7293540270546,1869.223395149786,253.1554921540657,1866.0,153.0,1639.5421139554087,51.463176094137076,512.6995197241492,80.1976622470342,342.77895385880174,177.20455246120645), 1.7079405334463733
frame_14, (1710.0,56.25,1629.0,54.0,563.1459502806737,65.25902165196472,531.0,69.75,342.77895385880174,177.20455246120645,519.6464935095228,979.3264803302972,1086.0,798.75,1845.9774052083521,556.2945218458428,1868.9751650734206,284.79319010544987,1833.0,202.5,1710.0,56.25), 1.6928557302282405
