frame_0, 
(60.0,465.75,168.0,29.25,1407.0,90.0,1818.0,877.5,1749.0,1017.0,1044.0,1059.75,78.0,1050.75,60.0,465.75), 5.577057271721555
frame_1, 
(183.0,1003.5,168.0,29.25,1281.0,173.25,1878.0,256.5,1818.0,877.5,1299.0,1059.75,1044.0,1059.75,183.0,1003.5), 5.431931589042125
frame_10, 
(1827.0,573.75,1692.0,1019.25,1044.0,1059.75,24.0,769.5,24.0,236.25,168.0,29.25,660.0,51.75,1281.0,173.25,1827.0,573.75), 4.226126734309349
frame_11, 
(147.0,1032.75,129.0,598.5,261.0,272.25,660.0,51.75,1575.0,517.5,1818.0,877.5,1692.0,1019.25,1044.0,1059.75,147.0,1032.75), 5.264728623788724
frame_12, 
(1281.0,173.25,1848.0,641.25,1818.0,877.5,1044.0,1059.75,78.0,1055.25,189.0,785.25,585.0,283.5,1281.0,173.25), 5.101113674591022
frame_13, 
(189.0,785.25,261.0,272.25,1575.0,517.5,1779.0,697.5,1800.0,771.75,1044.0,1059.75,192.0,956.25,189.0,785.25), 5.358201900401389
frame_14, 
(78.0,1059.75,60.0,465.75,264.0,272.25,1575.0,517.5,1827.0,573.75,1818.0,877.5,1044.0,1059.75,78.0,1059.75), 5.322004907969233
frame_2, 
(171.0,31.5,1200.0,117.0,1878.0,256.5,1818.0,877.5,1374.0,1059.75,1044.0,1059.75,546.0,987.75,231.0,911.25,189.0,787.5,171.0,31.5), 5.367740350221592
frame_3, 
(129.0,598.5,168.0,29.25,1878.0,256.5,1818.0,877.5,1299.0,1059.75,1044.0,1059.75,144.0,1037.25,129.0,598.5), 5.281627338562529
frame_4, 
(1044.0,1059.75,144.0,1037.25,402.0,578.25,1878.0,256.5,1818.0,877.5,1044.0,1059.75), 5.2295772628376564
frame_5, 
(144.0,1037.25,129.0,598.5,1404.0,114.75,1878.0,256.5,1818.0,877.5,1671.0,954.0,1044.0,1059.75,144.0,1037.25), 5.3033045259424565
frame_6, 
(1404.0,114.75,1818.0,877.5,1044.0,1059.75,129.0,598.5,525.0,159.75,1404.0,114.75), 5.308472817248122
frame_7, 
(1044.0,1059.75,129.0,598.5,261.0,272.25,660.0,51.75,1281.0,173.25,1827.0,573.75,1818.0,877.5,1692.0,1019.25,1044.0,1059.75), 5.2527091319631865
frame_8, 
(396.0,632.25,24.0,236.25,168.0,29.25,660.0,51.75,1281.0,173.25,1827.0,573.75,1818.0,877.5,1671.0,954.0,1044.0,1059.75,396.0,632.25), 5.296273052712659
frame_9, 
(129.0,598.5,168.0,29.25,660.0,51.75,1404.0,114.75,1827.0,573.75,1818.0,877.5,1692.0,1017.0,1044.0,1059.75,129.0,598.5), 5.251676558235044
