frame_0, 
(1026.0,956.25,267.0,857.25,132.0,794.25,36.0,688.5,198.0,249.75,300.0,45.0,654.0,18.0,1374.0,22.5,1845.0,213.75,1758.0,893.25,1749.0,936.0,1026.0,956.25), 5.577057271721555
frame_1, 
(1689.0,132.75,1881.0,729.0,1425.0,900.0,279.0,675.0,33.0,576.0,96.0,353.25,198.0,249.75,417.0,126.0,654.0,18.0,1338.0,20.25,1689.0,132.75), 5.431931589042125
frame_10, 
(279.0,675.0,36.0,576.0,102.0,380.25,198.0,249.75,555.0,114.75,819.0,69.75,1338.0,18.0,1593.0,234.0,1758.0,508.5,1881.0,729.0,279.0,675.0), 4.226126734309349
frame_11, 
(111.0,477.0,654.0,18.0,789.0,22.5,1503.0,83.25,1758.0,508.5,1749.0,936.0,1425.0,900.0,279.0,675.0,111.0,477.0), 5.264728623788724
frame_12, 
(654.0,18.0,1338.0,18.0,1659.0,139.5,1812.0,333.0,1878.0,866.25,1749.0,936.0,279.0,675.0,33.0,576.0,39.0,335.25,654.0,18.0), 5.101113674591022
frame_13, 
(33.0,576.0,654.0,18.0,1503.0,83.25,1593.0,231.75,1602.0,276.75,1584.0,711.0,1428.0,900.0,279.0,675.0,33.0,576.0), 5.358201900401389
frame_14, 
(33.0,576.0,654.0,18.0,1503.0,83.25,1845.0,216.0,1860.0,819.0,279.0,675.0,33.0,576.0), 5.322004907969233
frame_2, 
(654.0,18.0,1842.0,18.0,1812.0,330.75,735.0,684.0,279.0,675.0,33.0,576.0,198.0,249.75,417.0,126.0,654.0,18.0), 5.367740350221592
frame_3, 
(1758.0,508.5,1749.0,936.0,279.0,675.0,36.0,576.0,198.0,249.75,417.0,126.0,654.0,18.0,1338.0,18.0,1371.0,22.5,1659.0,139.5,1758.0,508.5), 5.281627338562529
frame_4, 
(1503.0,83.25,1749.0,936.0,279.0,675.0,36.0,576.0,198.0,249.75,432.0,126.0,654.0,18.0,1503.0,83.25), 5.2295772628376564
frame_5, 
(1758.0,508.5,1749.0,936.0,1026.0,956.25,279.0,675.0,36.0,576.0,183.0,99.0,654.0,18.0,1338.0,18.0,1686.0,132.75,1758.0,508.5), 5.3033045259424565
frame_6, 
(1710.0,135.0,1758.0,508.5,1110.0,639.0,279.0,675.0,36.0,576.0,183.0,99.0,654.0,18.0,1275.0,22.5,1710.0,135.0), 5.308472817248122
frame_7, 
(1758.0,508.5,1026.0,956.25,279.0,675.0,36.0,576.0,198.0,252.0,654.0,18.0,1335.0,18.0,1680.0,20.25,1758.0,508.5), 5.2527091319631865
frame_8, 
(36.0,576.0,654.0,18.0,1338.0,18.0,1689.0,132.75,1779.0,438.75,1026.0,956.25,36.0,576.0), 5.296273052712659
frame_9, 
(1758.0,508.5,279.0,675.0,111.0,474.75,102.0,380.25,183.0,99.0,1338.0,18.0,1503.0,83.25,1758.0,508.5), 5.251676558235044
