frame_0, 
(33.0,378.0,72.0,22.5,1710.0,42.75,1839.0,141.75,1893.0,371.25,1842.0,850.5,1644.0,1012.5,1080.0,1057.5,324.0,1019.25,138.0,893.25,33.0,378.0), 2.910825138989807
frame_1, 
(1179.0,1048.5,141.0,940.5,78.0,668.25,33.0,375.75,72.0,22.5,1455.0,110.25,1698.0,247.5,1893.0,371.25,1878.0,821.25,1836.0,855.0,1557.0,987.75,1179.0,1048.5), 2.603868768069471
frame_10, 
(1179.0,1048.5,141.0,940.5,24.0,753.75,24.0,398.25,30.0,146.25,42.0,42.75,72.0,22.5,1086.0,87.75,1698.0,249.75,1893.0,371.25,1878.0,819.0,1770.0,909.0,1644.0,1010.25,1179.0,1048.5), 2.655589217595011
frame_11, 
(1161.0,1041.75,141.0,940.5,75.0,668.25,24.0,398.25,48.0,99.0,72.0,22.5,1131.0,24.75,1698.0,249.75,1893.0,371.25,1878.0,821.25,1851.0,843.75,1644.0,1010.25,1161.0,1041.75), 2.870276858307973
frame_12, 
(1698.0,247.5,1770.0,909.0,1179.0,1048.5,813.0,1039.5,138.0,895.5,24.0,753.75,24.0,398.25,42.0,42.75,72.0,22.5,1131.0,24.75,1698.0,247.5), 2.953431548587258
frame_13, 
(1893.0,371.25,1878.0,821.25,1848.0,846.0,1179.0,1048.5,813.0,1039.5,141.0,940.5,78.0,668.25,24.0,398.25,42.0,42.75,72.0,22.5,1131.0,24.75,1698.0,247.5,1893.0,371.25), 2.8864285753610184
frame_14, 
(117.0,1019.25,33.0,375.75,42.0,42.75,72.0,22.5,1131.0,24.75,1698.0,249.75,1893.0,371.25,1878.0,819.0,1557.0,987.75,813.0,1039.5,117.0,1019.25), 2.909565143799378
frame_2, 
(135.0,819.0,24.0,398.25,42.0,42.75,72.0,22.5,1305.0,51.75,1698.0,247.5,1848.0,625.5,1878.0,821.25,1848.0,846.0,1644.0,1010.25,1179.0,1048.5,324.0,864.0,135.0,819.0), 2.9275317405476335
frame_3, 
(132.0,821.25,24.0,398.25,48.0,99.0,72.0,22.5,1053.0,87.75,1698.0,249.75,1893.0,371.25,1878.0,821.25,1557.0,987.75,1179.0,1048.5,813.0,1037.25,132.0,821.25), 2.9253306625526228
frame_4, 
(1710.0,38.25,1878.0,821.25,1770.0,909.0,1644.0,1010.25,1179.0,1048.5,324.0,1019.25,162.0,981.0,141.0,940.5,102.0,785.25,45.0,357.75,42.0,42.75,72.0,22.5,1710.0,38.25), 2.8877481328075083
frame_5, 
(1644.0,1010.25,324.0,1019.25,162.0,981.0,141.0,940.5,75.0,668.25,24.0,398.25,42.0,42.75,72.0,22.5,1593.0,198.0,1698.0,249.75,1893.0,371.25,1878.0,819.0,1770.0,909.0,1644.0,1010.25), 2.897903628542489
frame_6, 
(42.0,42.75,72.0,22.5,564.0,31.5,1563.0,173.25,1698.0,249.75,1878.0,819.0,1557.0,987.75,1161.0,1041.75,324.0,1019.25,141.0,940.5,24.0,753.75,24.0,398.25,42.0,42.75), 2.9047492740384517
frame_7, 
(1893.0,371.25,1878.0,819.0,1851.0,841.5,1602.0,1014.75,1179.0,1048.5,324.0,1019.25,162.0,983.25,54.0,949.5,24.0,753.75,24.0,398.25,42.0,42.75,72.0,22.5,1677.0,81.0,1893.0,371.25), 2.8947236201713245
frame_8, 
(24.0,398.25,42.0,42.75,72.0,22.5,1152.0,144.0,1593.0,198.0,1698.0,247.5,1893.0,371.25,1878.0,819.0,1851.0,841.5,1644.0,1010.25,1179.0,1048.5,918.0,1059.75,324.0,1019.25,141.0,940.5,24.0,753.75,24.0,398.25), 2.894040530190645
frame_9, 
(141.0,940.5,24.0,398.25,57.0,126.0,72.0,22.5,1152.0,144.0,1431.0,184.5,1698.0,247.5,1878.0,819.0,1851.0,843.75,1770.0,909.0,1644.0,1010.25,1605.0,1017.0,1179.0,1048.5,141.0,940.5), 2.646473989898193
