frame_0, (1836.0,402.75,1695.0,933.75,402.0,983.25,171.0,969.75,57.0,760.5,45.0,234.0,150.0,155.25,1263.0,54.0,1323.0,69.75,1767.0,270.0,1836.0,402.75), 2.910825138989807
frame_1, (1359.0,29.25,1845.0,245.25,1836.0,402.75,1770.0,612.0,405.0,983.25,84.0,771.75,75.0,591.75,840.0,173.25,945.0,117.0,1359.0,29.25), 2.603868768069471
frame_2, (1836.0,402.75,1725.0,938.25,402.0,983.25,57.0,897.75,33.0,830.25,27.0,801.0,96.0,324.0,270.0,148.5,510.0,105.75,1311.0,36.0,1815.0,299.25,1836.0,402.75), 2.9275317405476335
frame_3, (1311.0,36.0,1845.0,245.25,1836.0,402.75,1725.0,938.25,402.0,983.25,462.0,821.25,747.0,312.75,945.0,117.0,1311.0,36.0), 2.9253306625526228
frame_4, (1836.0,402.75,1725.0,938.25,402.0,983.25,249.00000000000003,920.25,84.0,769.5,81.0,616.5,96.0,324.0,510.0,108.0,1209.0,67.5,1323.0,69.75,1386.0,76.5,1815.0,299.25,1836.0,402.75), 2.8877481328075083
frame_5, (1881.0,364.5,1776.0,1032.75,402.0,983.25,33.0,830.25,81.0,616.5,506.99999999999994,108.0,1263.0,54.0,1386.0,76.5,1707.0,180.0,1845.0,245.25,1881.0,364.5), 2.897903628542489
frame_6, (267.0,146.25,1230.0,58.5,1386.0,76.5,1815.0,299.25,1881.0,364.5,1884.0,974.25,1410.0,1035.0,402.0,983.25,87.0,769.5,81.0,616.5,96.0,324.0,267.0,146.25), 2.9047492740384517
frame_7, (1884.0,198.0,1884.0,974.25,1686.0,1012.5,336.0,956.25,225.0,936.0,54.0,900.0,33.0,830.25,30.0,614.25,54.0,562.5,222.0,371.25,240.0,353.25,636.0,177.75,1005.0,60.75,1884.0,198.0), 2.8947236201713245
frame_8, (312.0,879.75,510.0,108.0,1311.0,36.0,1845.0,245.25,1878.0,362.25,1884.0,974.25,402.0,983.25,312.0,879.75), 2.894040530190645
frame_9, (1410.0,1035.0,402.0,983.25,51.0,902.25,33.0,830.25,531.0,297.0,945.0,119.25,1230.0,58.5,1263.0,51.75,1386.0,76.5,1803.0,346.5,1836.0,402.75,1725.0,938.25,1410.0,1035.0), 2.646473989898193
frame_10, (402.0,983.25,33.0,830.25,114.0,607.5,531.0,297.0,945.0,119.25,1230.0,58.5,1386.0,76.5,1845.0,245.25,1878.0,362.25,1884.0,974.25,402.0,983.25), 2.655589217595011
frame_11, (1410.0,1035.0,402.0,983.25,117.0,866.25,33.0,830.25,27.0,801.0,510.0,108.0,627.0,49.5,1311.0,36.0,1845.0,245.25,1836.0,402.75,1410.0,1035.0), 2.870276858307973
frame_12, (87.0,769.5,276.0,198.0,1263.0,54.0,1386.0,76.5,1815.0,299.25,1836.0,402.75,1893.0,974.25,369.0,816.75,87.0,769.5), 2.953431548587258
frame_13, (1836.0,402.75,1695.0,933.75,114.0,1005.75,54.0,900.0,45.0,234.0,267.0,146.25,510.0,105.75,1230.0,58.5,1386.0,76.5,1815.0,299.25,1836.0,402.75), 2.8864285753610184
frame_14, (1845.0,245.25,1878.0,364.5,1836.0,402.75,1251.0,906.75,573.0,1050.75,87.0,769.5,114.0,607.5,276.0,198.0,513.0,105.75,1323.0,69.75,1386.0,76.5,1845.0,245.25), 2.909565143799378
