frame_0, (1779.0,441.0,1525.9153576878198,112.95278700296203,1299.0,27.0,636.8689767190037,22.20194910665945,177.0,135.0,69.0,463.5,279.0,675.0,432.0,735.75,1119.0,740.25,1791.7373545476134,562.1724649726906,1779.0,441.0), 1.7606976458147843
frame_1, (198.93574335194472,251.1304059808839,486.0,576.0,1189.3180189650734,776.4706942418261,1725.0,641.25,1821.6017964071857,525.3278443113772,1779.0,438.75,1510.6880222841226,93.15250696378831,1299.0,27.0,1034.9242718446603,25.08640776699029,750.0,56.25,282.0,126.0,231.0,153.0,185.1900485000898,178.35908029459313,198.93574335194472,251.1304059808839), 1.6051600202524825
frame_2, (618.0,850.5,834.4084322910993,866.859788648001,1827.9914912673535,637.8916256157636,1593.0,234.0,1503.0,83.25,1468.8529411764705,67.76470588235294,1299.0,27.0,1038.0,24.75,912.0,38.25,231.0,155.25,123.27480916030535,212.95992366412213,43.64472700074794,328.51009723261035,42.678474114441414,350.9754768392371,69.0,463.5,230.1824453813722,668.5240705251053,618.0,850.5), 1.7012802483672909
frame_3, (279.0,675.0,1018.6555087374073,824.4006160032512,1816.3738651585056,640.568871855931,1779.0,438.75,1728.0,182.25,1632.0,105.75,1337.6728356725873,36.14560303067942,1239.0,38.25,519.0,123.75,156.8353425463099,194.41627462511025,149.13853904282115,198.62342569269524,61.84211860111506,489.8029333502281,187.14367666232073,637.5770534550196,279.0,675.0), 1.6716948058858205
frame_4, (1758.0,510.75,1779.4621152944853,440.0649898453367,1779.0,438.75,1659.0,139.5,1632.0,105.75,1299.0,27.0,1038.0,24.75,616.1514978453871,48.04224858522403,294.0,303.75,77.12593928464081,532.6025698827773,126.91752871513161,597.1970642790898,1104.932821820551,825.2174837390612,1749.0,537.75,1758.0,510.75), 1.694551889365175
frame_5, (297.0,303.75,72.10792629423808,538.3356975723896,114.72534246575343,608.0732876712328,279.0,675.0,752.7438187946356,853.3674016546066,1026.0,776.25,1749.0,537.75,1793.4266235266928,479.80223018257453,1779.0,438.75,1659.0,139.5,1299.0,27.0,1038.0,24.75,750.0,56.25,530.0510670731708,113.02751524390244,519.0,121.5,297.0,303.75), 1.666286872962979
frame_6, (933.7190888097382,920.8057409291949,1101.0,857.25,1758.0,508.5,1779.0,438.75,1306.7498912208264,33.647953562865105,992.6090306013268,29.714637277979886,750.0,56.25,105.0,222.75,45.475910693302,324.2115158636898,36.0,576.0,933.7190888097382,920.8057409291949), 1.660633679438577
frame_7, (1500.0,83.25,1305.0,83.25,968.9999999999999,103.5,48.0,373.5,40.23558082859464,504.5245735174655,57.35074837616492,591.9341792068424,615.9272383303593,1008.8028404288149,689.0843602845405,1009.8243162007814,1758.0,508.5,1778.4525413349663,447.8241273729332,1779.0,438.75,1710.8407513961754,136.47854966999492,1675.321100917431,124.5756880733945,1500.0,83.25), 1.684046203923455
frame_8, (1689.0,265.5,1503.0,83.25,1456.1052631578946,64.70526315789473,1299.0775594622544,27.018614270941057,968.9999999999999,103.5,104.53908689248894,541.2896907216494,645.0,1030.5,1747.5883921873697,455.14137471174945,1689.0,265.5), 1.6661882449683292
frame_9, (1772.0476302870088,298.749315521148,1503.0,83.25,1456.1052631578946,64.70526315789473,1299.0,27.0,1038.0,24.75,912.0,38.25,747.0,56.25,574.8409908829174,89.47366842610364,83.57976776639724,533.0396271623792,287.81588064767016,763.9315562469066,512.7355890935091,931.7903534367813,1101.0,857.25,1779.0,438.75,1794.584393063584,387.74653179190756,1772.0476302870088,298.749315521148), 1.6696677904460047
frame_10, (1758.0,508.5,1818.0,447.75,1821.8971805302285,415.9230256697994,1738.2944606413992,161.56569393255955,1692.1269740998105,133.14655716993053,1599.0,99.0,1304.980471928397,28.4353132628153,1038.0,24.75,912.0,38.25,750.0,56.25,119.02263047485857,219.13020469137373,45.4105702364395,325.9477051460362,40.29303368225081,461.9279621573358,199.6396065766295,611.752605695831,1112.56314589856,811.2116242955542,1758.0,508.5), 1.687279702056208
frame_11, (499.8170605404387,922.1491855757461,1758.0,508.5,1845.0,227.25,1854.0,177.75,1725.3583721401094,61.307147195788616,1398.375,24.75,1038.0,24.75,912.0,38.25,750.0,56.25,234.0,155.25,123.0294237842256,213.31599918267264,45.4105702364395,325.9477051460362,39.292000903852674,488.5268331262004,282.0292619012957,759.6129713204251,499.8170605404387,922.1491855757461), 1.6820613182009585
frame_12, (870.8282677605819,780.0797128472869,1649.0162406589673,487.6034466287364,1602.0,276.75,1543.5742574257426,85.69782178217822,1299.0,27.0,1038.0,24.75,912.0,38.25,750.0,56.25,231.0,153.0,122.84668223657096,212.8705866190411,279.0,675.0,870.8282677605819,780.0797128472869), 1.6962466489019883
frame_13, (1227.0,690.75,1758.0,508.5,1797.6800332432992,468.32396634115935,1812.0,330.75,1588.9999999999998,96.60000000000001,1299.0,27.0,1038.0,24.75,750.0,56.25,249.00000000000003,155.25,122.02904564315355,214.7676348547718,43.64472700074794,328.51009723261035,42.678474114441414,350.9754768392371,69.0,463.5,182.02140938536894,607.2632327381892,970.2850302132027,772.6332231216509,1227.0,690.75), 1.6870292779322076
frame_14, (1776.0862314589792,176.01701164837007,1724.7654431512979,146.24127126230977,1299.0,27.0,1038.0,24.75,549.0,51.75,177.0,135.0,43.64472700074794,328.51009723261035,37.953810623556585,460.82390300230946,114.8096906012843,593.8436952714537,1089.6763315876867,806.4740468131306,1590.0,688.5,1797.0,515.25,1825.5784855378613,436.88243418914556,1776.0862314589792,176.01701164837007), 1.6801982121647308
