frame_0, 
(99.19513574660634,276.3173076923077,119.63909774436091,623.8646616541354,156.0,684.0,303.0,891.0,751.5960344482276,1044.503955537753,867.7450110864745,1044.0748337028826,1735.229755630091,929.6812410158121,1818.0,877.5,1851.0,756.0,1872.3570552147237,654.5539877300614,1870.7811965811966,501.49871794871797,1839.0,402.75,1781.0755467196818,313.14811133200794,168.0,31.5,99.19513574660634,276.3173076923077), 1.7606976458147843
frame_1, 
(1818.0,877.5,1858.220551378446,444.5375939849624,1818.0,346.5,1800.9175578456154,326.0010694147384,129.0,598.5,84.0,812.25,66.0,956.25,1500.748942630951,1040.568268083722,1704.0,976.5,1790.5290850628471,942.8927214264835,1818.0,877.5), 1.6051600202524825
frame_10, 
(1167.0,189.0,525.0,159.75,68.84026880330835,295.7479322822435,63.0,402.75,64.39039665970773,530.4926931106472,189.0,787.5,291.0,821.25,1029.1154067205641,1026.2038009119124,1117.400384985563,1032.8431183830605,1799.9902999219535,920.3709164901327,1818.0,877.5,1836.8295921291433,451.81672079472725,1802.7282250823107,391.21266087997606,1167.0,189.0), 1.687279702056208
frame_11, 
(1797.0,771.75,1782.0,697.5,1278.0,173.25,651.0,119.25,525.0,159.75,261.0,272.25,77.9884686514124,393.11955615186565,76.07923655292076,512.2556390977443,189.0,787.5,960.0,978.75,970.4341043571815,981.1174018289404,1633.0578120367625,970.8353098132227,1818.0,877.5,1797.0,771.75), 1.6820613182009585
frame_12, 
(1837.1823863636364,443.8410511363636,1814.4365105218583,398.596537233696,189.0,123.75,546.0,850.5,1023.0,983.25,1565.5642458100556,1039.2486033519554,1749.0,1041.75,1818.0,877.5,1837.1823863636364,443.8410511363636), 1.6962466489019883
frame_13, 
(402.0,578.25,333.0,751.5,543.0,987.75,983.6749435665912,1027.1681715575621,1749.0,1041.75,1800.0,771.75,1849.7485346946492,452.1697390811118,1763.2753891625616,339.88371428571435,657.0,459.0,402.0,578.25), 1.6870292779322076
frame_14, 
(1839.0,402.75,189.0,123.75,67.63616099071209,445.50529411764705,66.04670775218943,487.0297599740512,99.0,603.0,543.0,987.75,1499.4950495049504,1040.8886138613861,1766.5797368048677,948.6808051507004,1800.0,771.75,1839.0,402.75), 1.6801982121647308
frame_2, 
(1870.459566400132,612.0207732256204,1869.7475202885482,473.705816050496,1839.0,402.75,1784.8996282527883,329.3280669144981,402.0,578.25,189.0,787.5,543.0,987.75,1497.0,1041.75,1749.0,1041.75,1870.459566400132,612.0207732256204), 1.7012802483672909
frame_3, 
(402.0,578.25,189.0,787.5,873.0,1035.0,1037.9563106796115,1042.8968446601941,1749.0,1041.75,1800.0,771.75,1833.0,576.0,1829.7295166266713,437.4132670551937,1770.0,326.25,1752.5510204081631,297.32142857142856,1203.0,117.0,402.0,578.25), 1.6716948058858205
frame_4, 
(1779.0,697.5,1206.645622069567,117.6540726202159,1205.212563170494,117.19788988385494,60.0,405.0,129.0,598.5,330.0,751.5,729.965205125191,996.1215763488892,1749.0,1041.75,1800.0,771.75,1779.0,697.5), 1.694551889365175
frame_5, 
(546.0,857.25,989.4263322884013,1034.3581504702195,1497.0,1041.75,1681.4805194805194,1041.75,1818.0,877.5,1840.0981767180924,633.0389200561009,1833.0,576.0,1704.0,315.0,1663.9570815450643,267.9930957268147,1206.0,117.0,60.0,405.0,126.0,598.5,546.0,857.25), 1.666286872962979
frame_6, 
(1851.8001129305478,503.5862507058159,1708.8611238795681,369.2580441277867,126.0,598.5,699.0,1028.25,1704.0,978.75,1809.1328047571853,898.6077799801784,1818.0,877.5,1851.8001129305478,503.5862507058159), 1.660633679438577
frame_7, 
(261.0,272.25,63.0,402.75,189.0,787.5,231.0,911.25,992.763930923981,1033.38063022966,1497.0,1039.5,1687.9782315546138,1041.2051627817377,1773.8661123853212,982.5578411697247,1818.0,877.5,1855.4648921523635,463.0446305644791,1763.452823886978,341.7559951237434,261.0,272.25), 1.684046203923455
frame_8, 
(261.0,272.25,60.0,405.0,189.0,787.5,1145.4806201550387,1014.7267441860465,1749.0,1041.75,1818.0,877.5,1855.2298980747453,465.64425254813136,1693.6876617773942,295.72940034512504,1278.0,173.25,261.0,272.25), 1.6661882449683292
frame_9, 
(525.0,159.75,231.0,276.75,60.0,405.0,189.0,787.5,748.8760291427078,975.8993482096184,1802.1324270367907,915.2717225972051,1818.0,877.5,1841.6756756756756,615.5878378378379,1822.2147239263802,425.84355828220856,1790.497606193338,369.4767240501171,1617.030588235294,273.1429411764706,1278.0,173.25,525.0,159.75), 1.6696677904460047
