frame_0, 
(1119.0,49.5,888.0,40.5,549.0,58.5,234.0,166.5,84.0,567.0,828.0,900.0,1473.3869193154035,1008.8671706457644,1714.6290842153703,1011.6264764534437,1834.168976855135,800.7713880471923,1840.4286192188674,520.0264280337877,1779.0,375.75,1119.0,49.5), 1.7606976458147843
frame_1, 
(1674.0,663.75,1798.2471095772216,413.11358930112164,1794.0,330.75,1707.4128970163617,244.79956689124157,1643.5147058823532,213.91544117647058,1104.0,40.5,927.0,24.75,549.0,58.5,234.0,166.5,99.0,285.75,72.82009345794391,428.6486565420561,84.0,567.0,117.0,643.5,190.28356964136782,759.8915517833489,1674.0,663.75), 1.6051600202524825
frame_10, 
(1029.0,33.75,1001.7961494903738,31.349660249150624,721.6087054072245,37.99203500112183,549.0,58.5,367.2217194570136,120.82398190045248,276.0,238.5,123.62444302991726,461.2027371101209,84.0,567.0,414.0,996.75,1536.0,742.5,1644.9091466217249,357.4283744446145,1555.8447107868683,185.73579989577908,1104.0,40.5,1029.0,33.75), 1.687279702056208
frame_11, 
(993.6750000000001,31.542187500000004,719.4789615040287,38.04252461951656,549.0,58.5,391.7376126126126,89.19847972972973,276.0,238.5,103.23726346433772,534.0862445414847,117.0,643.5,1218.0,722.25,1674.0,663.75,1308.0,51.75,1029.0,33.75,993.6750000000001,31.542187500000004), 1.6820613182009585
frame_12, 
(1104.0,40.5,963.9494949494949,29.818181818181817,755.1097256857855,33.766832917705734,549.0,58.5,234.0,164.25,78.0,258.75,73.77966101694916,299.89830508474574,117.0,643.5,1722.0,850.5,1707.1758849557523,244.5642975663717,1692.0,229.5,1104.0,40.5), 1.6962466489019883
frame_13, 
(549.0,58.5,234.0,166.5,95.23432730687955,470.4629020896924,117.0,643.5,1722.0,850.5,1803.0,794.25,1758.1290708096803,487.29205258440396,1734.0,414.0,1308.0,51.75,849.0,22.5,549.0,58.5), 1.6870292779322076
frame_14, 
(549.0,58.5,234.0,166.5,152.3428882079668,384.52448848472864,201.0,533.25,1161.0,749.25,1722.0,850.5,1837.1594351357285,639.8794541596546,1794.0,330.75,1692.0,229.5,1311.0,51.75,888.0,40.5,549.0,58.5), 1.6801982121647308
frame_2, 
(1718.2543695547597,137.99057940028862,1104.0,40.5,855.0,22.5,516.0,58.5,234.0,166.5,95.23432730687955,470.4629020896924,114.11701526286038,620.58027133974,127.73710133030735,644.8113546922909,1425.0,803.25,1710.0,684.0,1845.6314363143633,319.12195121951225,1844.3476555202692,307.8305155987296,1718.2543695547597,137.99057940028862), 1.7012802483672909
frame_3, 
(1776.0,312.75,1692.0,229.5,1104.0,40.5,888.0,40.5,489.0,49.5,234.0,166.5,84.0,567.0,131.7594725178915,670.1604606386458,1218.0,722.25,1710.0,684.0,1852.7831445192896,569.8905197489283,1794.0,330.75,1776.0,312.75), 1.6716948058858205
frame_4, 
(489.0,49.5,234.0,166.5,101.50000000000001,520.2750000000001,115.87926768926273,634.5901781296388,120.18648781285783,643.7223131032226,1536.0,742.5,1707.457039711191,136.27689530685922,1104.0,40.5,489.0,49.5), 1.694551889365175
frame_5, 
(962.5545851528385,27.913755458515283,916.7097203728363,25.668774966711055,549.0,58.5,234.0,166.5,101.50000000000001,520.2750000000001,116.09844559585493,636.3326424870467,119.4973297730307,643.6742323097463,1536.0,742.5,1767.0,612.0,1794.0,596.25,1827.0,576.0,1738.6146436193735,141.22203368647735,1104.0,40.5,962.5545851528385,27.913755458515283), 1.666286872962979
frame_6, 
(549.0,58.5,234.0,166.5,84.0,567.0,84.0,668.0010060362174,1536.0,742.5,1710.0,684.0,1794.0,596.25,1815.0,436.5,1822.3980897459,263.10727158046495,1761.4044340225962,144.8390854828395,1104.0,40.5,549.0,58.5), 1.660633679438577
frame_7, 
(927.0,24.75,852.0,22.5,549.0,58.5,234.0,166.5,101.50000000000001,520.2750000000001,113.82065217391305,618.2241847826086,270.0,886.5,292.2467986030268,891.4912689173457,1536.0,742.5,1707.457039711191,136.27689530685922,1104.0,40.5,927.0,24.75), 1.684046203923455
frame_8, 
(927.0,24.75,852.0,22.5,549.0,58.5,234.0,166.5,109.6001348617667,498.64763991908296,117.0,643.5,1236.0,567.0,1682.877329357896,132.37575870514323,1104.0,40.5,927.0,24.75), 1.6661882449683292
frame_9, 
(549.0,58.5,234.0,166.5,84.0,567.0,73.5478905359179,667.228263968073,1218.0,722.25,1542.0,596.25,1703.7648369813883,134.8224322170236,1059.4080623222458,28.01329293928527,747.6686114352392,33.90752625437573,549.0,58.5), 1.6696677904460047
