frame_0, (1611.0,186.75,249.00000000000003,135.0,216.0,623.25,255.0,920.25,1821.0116504854368,744.723786407767,1863.0,650.25,1611.0,186.75), 1.7606976458147843
frame_1, (255.0,920.25,561.0,929.25,1716.0,877.5,1794.0,805.5,1863.0,650.25,1791.0,562.5,1515.0,333.0,1338.0,218.25,273.45710217159126,138.85039159843362,249.98070562293276,147.8857152701213,142.34855769230768,714.7891307910838,255.0,920.25), 1.6051600202524825
frame_2, (255.0,920.25,978.0,972.0,1716.0,877.5,1817.974745703262,791.2849877236056,1863.0,650.25,1861.9052631578945,499.99736842105267,1815.0,328.5,1296.0,155.25,345.53757225433526,138.86271676300578,249.2724701351067,151.95011735323325,144.21052920811124,718.1851129307028,255.0,920.25), 1.7012802483672909
frame_3, (978.0,972.0,1680.0,947.25,1764.0,879.75,1805.9628975265018,828.910335689046,1863.0,650.25,1861.9052631578945,499.99736842105267,1815.0,328.5,1257.0,175.5,561.0,243.0,84.0,297.0,120.0,832.5,255.0,920.25,361.39780219780215,988.2263736263735,978.0,972.0), 1.6716948058858205
frame_4, (978.0,969.75,1562.376127973749,951.0199958982772,1716.0,877.5,1863.0,650.25,1861.3560704960837,424.62067558746736,1815.0,328.5,951.6775407779172,127.68368883312421,287.7145242070117,131.41848080133556,225.0,155.25,177.0,200.25,84.0,297.0,70.78077571669478,333.35286677908937,120.0,832.5,978.0,969.75), 1.694551889365175
frame_5, (1338.0,218.25,252.0,137.25,72.26801152737752,339.44848703170027,122.99999999999999,832.5,255.0,920.25,279.76722045921224,936.0735019600522,981.9268158725798,1003.3424413016614,1500.960263409692,980.9625147745821,1716.0,877.5,1863.0,650.25,1803.1702865064694,318.7740873382624,1338.0,218.25), 1.666286872962979
frame_6, (255.0,920.25,417.0,1023.75,1101.0,1014.75,1764.0,879.75,1863.0,650.25,1861.9052631578945,499.99736842105267,1815.0,328.5,1338.0,218.25,663.0,195.75,576.0,209.25,120.1412100320932,290.5540829668371,86.09291420632164,325.73732198680096,122.99999999999999,832.5,255.0,920.25), 1.660633679438577
frame_7, (122.99999999999999,832.5,255.0,920.25,417.0,1023.75,1214.0812013348166,991.7244160177976,1214.081201334817,991.7244160177976,1764.0,879.75,1863.0,650.25,1861.9052631578945,499.99736842105267,1815.0,328.5,1338.0,218.25,243.29763402583853,145.52501764507318,84.0,297.0,122.99999999999999,832.5), 1.684046203923455
frame_8, (1815.0,328.5,1338.0,218.25,663.0,195.75,576.0,209.25,528.0,222.75,159.0,600.75,122.99999999999999,832.5,255.0,920.25,417.0,1023.75,1214.0812013348166,991.7244160177976,1764.0,879.75,1833.0,722.25,1859.0661157024795,662.5723140495869,1863.0,650.25,1861.3560704960837,424.62067558746736,1815.0,328.5), 1.6661882449683292
frame_9, (84.0,297.0,122.99999999999999,677.25,255.0,920.25,1716.0,877.5,1794.0,805.5,1863.0,650.25,1815.0,328.5,1434.0,184.5,518.136736826392,147.88871473354232,201.0,207.0,84.0,297.0), 1.6696677904460047
frame_10, (200.94300994401272,207.25451240912508,104.19796484736355,639.3090888066605,122.99244712990935,832.4223942598187,127.89999999999972,835.6874999999998,257.7794424852311,920.1754026370763,1701.2892116063483,881.4330927302472,1716.0,877.5,1794.0,805.5,1845.3488372093016,691.1686046511647,1863.0,650.25,1861.7914851763383,484.3813404524378,1789.3628808864264,208.6999653739612,1614.183232834079,134.79605135187705,1349.3024702586677,134.44934878306108,200.94300994401272,207.25451240912508), 1.687279702056208
frame_11, (1815.0,328.5,1338.0,218.25,318.53753490227365,142.21274431591542,201.0,207.0,122.99999999999999,677.25,122.99999999999999,832.5,1585.499919944495,909.338874953301,1716.0,877.5,1863.0,650.25,1861.3560704960837,424.62067558746736,1815.0,328.5), 1.6820613182009585
frame_12, (137.3885675399796,892.5273052058524,255.0,920.25,522.5787981241136,941.5470880139601,1339.4805135259057,960.1506189821183,1716.0,877.5,1794.0,805.5,1863.0,650.25,1861.9111318989708,500.80285313376993,1815.0,330.75,1257.0,175.5,268.3414634146341,137.8719512195122,222.0,155.25,84.0,297.0,71.45112781954887,331.5093984962406,122.99999999999999,832.5,137.3885675399796,892.5273052058524), 1.6962466489019883
frame_13, (1338.0,218.25,267.50677637947723,138.40658276863505,222.0,155.25,84.0,297.0,66.0,346.5,49.25675675675676,764.4831081081081,68.01639344262296,891.110655737705,162.0,974.25,417.0,1023.75,1381.3482651000552,985.3467505048651,1716.0,877.5,1794.0,805.5,1863.0,650.25,1815.0,330.75,1338.0,218.25), 1.6870292779322076
frame_14, (222.0,155.25,84.0,297.0,122.99999999999999,832.5,255.0,920.25,1488.0,911.25,1764.0,879.75,1863.0,650.25,1861.9052631578945,499.99736842105267,1815.0,328.5,1600.7741273100614,138.07700205338807,1596.9730572433639,136.79704988807163,378.58256352660396,133.60754597781832,222.0,155.25), 1.6801982121647308
