frame_0, (1659.0,225.0,1458.0,915.75,804.0,1005.75,468.0,1044.0,93.0,1048.5,24.0,1003.5,24.0,78.75,165.0,27.0,1659.0,225.0), 2.9199013682303785
frame_1, (39.0,870.75,27.0,191.25,60.0,114.75,120.0,65.25,1620.0,40.5,1740.0,67.5,1821.0,513.0,1668.0,1010.25,1551.0,1050.75,468.0,1044.0,39.0,870.75), 2.9503734477194294
frame_2, (24.0,1001.25,24.0,78.75,1398.0,339.75,1863.0,432.0,1017.0,1023.75,753.0,1053.0,441.0,1059.75,93.0,1055.25,24.0,1001.25), 2.9411730881832177
frame_3, (24.0,1003.5,24.0,78.75,1401.0,283.5,1398.0,339.75,1074.0,794.25,756.0,1050.75,489.0,1055.25,93.0,1055.25,24.0,1003.5), 2.9097427693554283
frame_4, (1602.0,380.25,756.0,1048.5,489.0,1055.25,402.0,1055.25,93.0,1048.5,24.0,1003.5,24.0,445.5,54.0,168.75,105.0,150.75,183.0,157.5,1401.0,283.5,1602.0,380.25), 2.919275426271018
frame_5, (93.0,1048.5,24.0,1003.5,24.0,445.5,39.0,51.75,1767.0,49.5,954.0,891.0,855.0,969.75,780.0,1028.25,468.0,1044.0,93.0,1048.5), 2.9395529035617596
frame_6, (54.0,119.25,1353.0,337.5,1074.0,794.25,954.0,891.0,744.0,1057.5,438.0,1059.75,93.0,1048.5,24.0,1003.5,24.0,445.5,45.0,171.0,54.0,119.25), 2.622820259161384
frame_7, (24.0,1003.5,24.0,492.75,27.0,398.25,45.0,171.0,126.0,65.25,981.0000000000001,303.75,1140.0,459.0,1137.0,546.75,951.0,891.0,750.0,1055.25,438.0,1059.75,93.0,1048.5,24.0,1003.5), 2.9204116688239754
frame_8, (24.0,447.75,51.0,166.5,1095.0,337.5,1140.0,459.0,1140.0,546.75,975.0,875.25,750.0,1055.25,438.0,1059.75,147.0,1059.75,93.0,1053.0,24.0,1003.5,24.0,447.75), 2.888241289078639
frame_9, (39.0,51.75,1398.0,339.75,1074.0,794.25,1050.0,814.5,753.0,1053.0,438.0,1059.75,93.0,1055.25,24.0,1003.5,24.0,447.75,30.0,175.5,39.0,51.75), 2.53530920793348
frame_10, (30.0,175.5,249.00000000000003,159.75,983.9999999999999,308.25,1095.0,337.5,1140.0,459.0,1173.0,553.5,1074.0,794.25,918.0,920.25,753.0,1053.0,438.0,1059.75,93.0,1055.25,24.0,1003.5,24.0,445.5,30.0,175.5), 2.9008197645346887
frame_11, (39.0,51.75,1398.0,339.75,1332.0,427.5,951.0,891.0,753.0,1053.0,402.0,1055.25,93.0,1055.25,24.0,1003.5,24.0,78.75,39.0,51.75), 2.907995715281124
frame_12, (60.0,164.25,1767.0,49.5,1173.0,933.75,1146.0,963.0,753.0,1053.0,207.0,1059.75,93.0,1053.0,24.0,1003.5,24.0,445.5,30.0,175.5,60.0,164.25), 2.944896374403024
frame_13, (1221.0,387.0,1146.0,963.0,780.0,1028.25,207.0,1059.75,147.0,1059.75,93.0,1053.0,24.0,1003.5,24.0,279.0,30.0,175.5,108.0,150.75,1182.0,342.0,1221.0,387.0), 2.915780780321505
frame_14, (780.0,1028.25,207.0,1059.75,147.0,1059.75,93.0,1055.25,24.0,1003.5,24.0,400.5,30.0,175.5,639.0,236.25,1398.0,339.75,1074.0,794.25,780.0,1028.25), 2.8959607934385074
