frame_0, 
(33.0,405.0,24.0,204.75,45.0,78.75,639.0,18.0,1464.0,22.5,1788.0,258.75,1869.0,420.75,1878.0,456.75,1893.0,738.0,1893.0,866.25,1407.0,1030.5,72.0,1050.75,33.0,405.0), 2.9199013682303785
frame_1, 
(1893.0,738.0,1872.0,927.0,1407.0,1030.5,621.0,1037.25,258.0,987.75,117.0,866.25,33.0,720.0,24.0,204.75,90.0,83.25,639.0,27.0,1464.0,22.5,1788.0,258.75,1878.0,454.5,1893.0,738.0), 2.9503734477194294
frame_10, 
(1878.0,454.5,1872.0,927.0,1863.0,1001.25,1851.0,1039.5,1407.0,1030.5,204.0,873.0,33.0,405.0,30.0,272.25,45.0,78.75,639.0,18.0,1659.0,76.5,1788.0,258.75,1866.0,420.75,1878.0,454.5), 2.9008197645346887
frame_11, 
(1878.0,454.5,1872.0,927.0,1407.0,1030.5,612.0,1053.0,258.0,987.75,117.0,866.25,39.0,623.25,24.0,204.75,45.0,78.75,639.0,22.5,1659.0,76.5,1788.0,258.75,1866.0,420.75,1878.0,454.5), 2.907995715281124
frame_12, 
(24.0,204.75,45.0,78.75,245.99999999999997,31.5,639.0,20.25,1665.0,105.75,1788.0,258.75,1878.0,454.5,1893.0,866.25,1890.0,972.0,1407.0,1030.5,258.0,987.75,204.0,873.0,57.0,517.5,33.0,405.0,24.0,204.75), 2.944896374403024
frame_13, 
(24.0,204.75,45.0,78.75,639.0,20.25,1461.0,22.5,1788.0,258.75,1878.0,454.5,1893.0,868.5,1890.0,972.0,1407.0,1030.5,258.0,987.75,204.0,873.0,57.0,517.5,33.0,405.0,24.0,204.75), 2.915780780321505
frame_14, 
(1407.0,1030.5,258.0,987.75,117.0,866.25,33.0,405.0,24.0,204.75,45.0,78.75,360.0,24.75,639.0,20.25,1464.0,22.5,1788.0,258.75,1878.0,456.75,1893.0,738.0,1893.0,868.5,1890.0,972.0,1407.0,1030.5), 2.8959607934385074
frame_2, 
(1407.0,1030.5,258.0,987.75,117.0,866.25,42.0,562.5,33.0,405.0,24.0,204.75,45.0,78.75,639.0,20.25,1458.0,51.75,1788.0,258.75,1878.0,454.5,1893.0,738.0,1671.0,922.5,1407.0,1030.5), 2.9411730881832177
frame_3, 
(1878.0,454.5,1872.0,927.0,1407.0,1030.5,795.0,1059.75,258.0,987.75,117.0,866.25,54.0,614.25,42.0,562.5,33.0,405.0,30.0,272.25,45.0,78.75,303.0,56.25,639.0,27.0,1461.0,22.5,1656.0,76.5,1788.0,258.75,1878.0,454.5), 2.9097427693554283
frame_4, 
(1893.0,738.0,1872.0,927.0,1407.0,1030.5,624.0,1035.0,258.0,987.75,117.0,866.25,42.0,562.5,33.0,405.0,24.0,204.75,45.0,78.75,639.0,18.0,1464.0,22.5,1758.0,81.0,1890.0,252.0,1893.0,738.0), 2.919275426271018
frame_5, 
(1407.0,1030.5,258.0,987.75,204.0,873.0,33.0,405.0,24.0,204.75,45.0,78.75,639.0,18.0,1758.0,81.0,1893.0,252.0,1893.0,738.0,1890.0,972.0,1407.0,1030.5), 2.9395529035617596
frame_6, 
(1407.0,1030.5,258.0,987.75,117.0,866.25,42.0,562.5,33.0,405.0,24.0,204.75,90.0,83.25,639.0,18.0,1656.0,76.5,1866.0,173.25,1890.0,252.0,1890.0,972.0,1599.0,1023.75,1407.0,1030.5), 2.622820259161384
frame_7, 
(24.0,204.75,90.0,83.25,639.0,18.0,1461.0,22.5,1656.0,76.5,1866.0,173.25,1893.0,738.0,1893.0,868.5,1851.0,1039.5,1407.0,1030.5,204.0,873.0,57.0,517.5,33.0,405.0,24.0,204.75), 2.9204116688239754
frame_8, 
(24.0,204.75,90.0,83.25,1461.0,22.5,1656.0,76.5,1869.0,173.25,1893.0,738.0,1872.0,927.0,1596.0,1023.75,1407.0,1030.5,321.0,956.25,204.0,873.0,42.0,562.5,33.0,405.0,24.0,204.75), 2.888241289078639
frame_9, 
(33.0,405.0,90.0,83.25,639.0,18.0,1659.0,76.5,1788.0,258.75,1866.0,420.75,1878.0,454.5,1893.0,738.0,1872.0,927.0,1596.0,1023.75,1407.0,1030.5,321.0,915.75,204.0,873.0,42.0,562.5,33.0,405.0), 2.53530920793348
