frame_0, (1893.0,758.25,1695.0,1028.25,591.0,1001.25,432.0,931.5,27.0,312.75,159.0,31.5,1719.0,92.25,1782.0,166.5,1860.0,418.5,1893.0,758.25), 2.9199013682303785
frame_1, (24.0,312.75,159.0,31.5,1644.0,31.5,1719.0,92.25,1782.0,166.5,1860.0,418.5,1869.0,562.5,1890.0,1014.75,501.0,1059.75,207.0,1050.75,120.0,981.0,99.0,963.0,24.0,312.75), 2.9503734477194294
frame_2, (99.0,963.0,24.0,312.75,159.0,31.5,1644.0,31.5,1680.0,51.75,1719.0,92.25,1782.0,166.5,1863.0,303.75,1872.0,690.75,1836.0,753.75,1197.0,987.75,204.0,1050.75,99.0,963.0), 2.9411730881832177
frame_3, (99.0,963.0,24.0,312.75,159.0,31.5,1644.0,33.75,1719.0,92.25,1782.0,166.5,1818.0,267.75,1863.0,416.25,1863.0,596.25,1836.0,753.75,1197.0,987.75,204.0,1050.75,99.0,963.0), 2.9097427693554283
frame_4, (24.0,312.75,159.0,31.5,1644.0,31.5,1680.0,51.75,1860.0,222.75,1863.0,303.75,1869.0,562.5,1836.0,753.75,1197.0,987.75,1062.0,1030.5,501.0,1059.75,204.0,1050.75,114.0,1008.0,99.0,965.25,24.0,312.75), 2.919275426271018
frame_5, (1863.0,306.0,1836.0,753.75,1197.0,987.75,1062.0,1030.5,561.0,1055.25,207.0,1050.75,99.0,965.25,24.0,312.75,159.0,31.5,1644.0,31.5,1719.0,92.25,1860.0,222.75,1863.0,306.0), 2.9395529035617596
frame_6, (1863.0,306.0,1836.0,753.75,1197.0,987.75,561.0,1055.25,204.0,1050.75,117.0,978.75,99.0,963.0,24.0,312.75,159.0,31.5,1644.0,31.5,1680.0,51.75,1776.0,130.5,1860.0,222.75,1863.0,306.0), 2.622820259161384
frame_7, (1536.0,1059.75,561.0,1055.25,180.0,807.75,48.0,155.25,1359.0,47.25,1803.0,308.25,1881.0,366.75,1869.0,562.5,1860.0,625.5,1848.0,679.5,1833.0,744.75,1755.0,969.75,1536.0,1059.75), 2.9204116688239754
frame_8, (96.0,963.0,24.0,312.75,627.0,76.5,1644.0,31.5,1680.0,51.75,1776.0,130.5,1860.0,222.75,1863.0,306.0,1869.0,562.5,1836.0,753.75,1197.0,987.75,561.0,1055.25,240.0,1035.0,96.0,963.0), 2.888241289078639
frame_9, (24.0,312.75,159.0,31.5,1644.0,31.5,1680.0,51.75,1776.0,130.5,1860.0,222.75,1872.0,267.75,1860.0,418.5,1557.0,798.75,1197.0,987.75,873.0,1019.25,240.0,1035.0,144.0,1032.75,69.0,940.5,24.0,312.75), 2.53530920793348
frame_10, (24.0,312.75,159.0,31.5,1644.0,31.5,1680.0,51.75,1776.0,130.5,1860.0,222.75,1863.0,306.0,1860.0,418.5,1557.0,798.75,1197.0,987.75,561.0,1055.25,144.0,1032.75,69.0,942.75,24.0,312.75), 2.9008197645346887
frame_11, (69.0,940.5,24.0,312.75,159.0,31.5,1626.0,18.0,1680.0,51.75,1776.0,130.5,1860.0,222.75,1863.0,306.0,1869.0,562.5,1836.0,753.75,1197.0,987.75,561.0,1055.25,207.0,1050.75,96.0,963.0,69.0,940.5), 2.907995715281124
frame_12, (27.0,312.75,159.0,31.5,1356.0,45.0,1680.0,51.75,1860.0,222.75,1863.0,306.0,1863.0,416.25,1848.0,681.75,1836.0,753.75,1155.0,1023.75,510.0,1055.25,207.0,1053.0,96.0,963.0,27.0,312.75), 2.944896374403024
frame_13, (99.0,965.25,27.0,312.75,159.0,31.5,1644.0,33.75,1680.0,51.75,1719.0,92.25,1782.0,166.5,1818.0,267.75,1863.0,416.25,1848.0,681.75,1836.0,753.75,1197.0,987.75,873.0,1019.25,513.0,1053.0,204.0,1050.75,99.0,965.25), 2.915780780321505
frame_14, (99.0,965.25,27.0,312.75,30.0,49.5,159.0,31.5,1644.0,33.75,1719.0,92.25,1782.0,166.5,1863.0,306.0,1863.0,416.25,1848.0,681.75,1836.0,753.75,1197.0,987.75,873.0,1019.25,510.0,1053.0,207.0,1053.0,99.0,965.25), 2.8959607934385074
