frame_0, 
(792.0,1059.75,312.0,1032.75,33.0,720.0,24.0,204.75,315.0,18.0,1464.0,22.5,1647.0,132.75,1788.0,258.75,1881.0,596.25,1893.0,738.0,1893.0,866.25,1872.0,927.0,1752.0,954.0,1380.0,1028.25,792.0,1059.75), 2.6277745790947304
frame_1, 
(258.0,85.5,1464.0,22.5,1830.0,175.5,1890.0,252.0,1893.0,738.0,1872.0,927.0,1380.0,1028.25,315.0,1035.0,66.0,1001.25,33.0,720.0,129.0,319.5,258.0,85.5), 2.937210300639571
frame_10, 
(24.0,204.75,66.0,76.5,1458.0,51.75,1788.0,258.75,1839.0,607.5,1872.0,927.0,1248.0,1057.5,792.0,1059.75,615.0,1044.0,258.0,987.75,117.0,866.25,33.0,405.0,24.0,204.75), 2.899386016211605
frame_11, 
(1890.0,252.0,1872.0,927.0,1407.0,1030.5,1248.0,1057.5,792.0,1059.75,312.0,1032.75,204.0,873.0,114.0,738.0,33.0,405.0,60.0,74.25,1659.0,76.5,1890.0,252.0), 2.885497265030294
frame_12, 
(1887.0,288.0,1872.0,927.0,1380.0,1028.25,312.0,1032.75,117.0,866.25,33.0,405.0,24.0,204.75,60.0,74.25,1458.0,51.75,1887.0,288.0), 2.903388009613574
frame_13, 
(1890.0,288.0,1872.0,927.0,1248.0,1059.75,792.0,1059.75,315.0,1035.0,258.0,987.75,117.0,866.25,33.0,405.0,24.0,204.75,60.0,74.25,1461.0,22.5,1890.0,288.0), 2.8795008677695026
frame_14, 
(1887.0,252.0,1872.0,927.0,1578.0,1050.75,1248.0,1059.75,792.0,1059.75,612.0,1050.75,312.0,1032.75,117.0,866.25,33.0,405.0,24.0,204.75,60.0,74.25,1458.0,51.75,1887.0,252.0), 2.877020078690468
frame_2, 
(528.0,85.5,1458.0,51.75,1788.0,258.75,1893.0,738.0,1872.0,927.0,1380.0,1028.25,795.0,1059.75,312.0,1032.75,117.0,866.25,54.0,614.25,69.0,312.75,528.0,85.5), 2.9204157356804514
frame_3, 
(1893.0,252.0,1893.0,738.0,1872.0,927.0,1380.0,1028.25,795.0,1059.75,312.0,1032.75,117.0,866.25,117.0,735.75,129.0,319.5,432.0,164.25,660.0,119.25,1458.0,51.75,1830.0,175.5,1893.0,252.0), 2.8673394467816893
frame_4, 
(63.0,74.25,1458.0,51.75,1788.0,258.75,1893.0,738.0,1872.0,927.0,1380.0,1028.25,795.0,1059.75,315.0,1035.0,258.0,987.75,117.0,866.25,63.0,74.25), 2.8806142667293937
frame_5, 
(117.0,866.25,60.0,74.25,1458.0,51.75,1893.0,252.0,1839.0,607.5,1821.0,706.5,1380.0,1028.25,1137.0,1046.25,795.0,1059.75,315.0,1035.0,117.0,866.25), 2.8676727179245955
frame_6, 
(60.0,74.25,1461.0,22.5,1788.0,258.75,1866.0,420.75,1821.0,706.5,1671.0,920.25,1380.0,1028.25,315.0,1035.0,117.0,866.25,60.0,74.25), 2.899993431583023
frame_7, 
(117.0,866.25,63.0,74.25,1458.0,51.75,1866.0,173.25,1890.0,288.0,1893.0,738.0,1872.0,927.0,1578.0,1050.75,1248.0,1057.5,792.0,1059.75,258.0,987.75,117.0,866.25), 2.6170025450595333
frame_8, 
(1890.0,288.0,1872.0,927.0,1407.0,1030.5,1248.0,1057.5,795.0,1059.75,315.0,1035.0,258.0,987.75,117.0,866.25,33.0,405.0,63.0,74.25,1458.0,51.75,1890.0,288.0), 2.858522263371176
frame_9, 
(33.0,405.0,66.0,76.5,1458.0,51.75,1788.0,258.75,1893.0,738.0,1872.0,927.0,1407.0,1030.5,1248.0,1057.5,792.0,1059.75,258.0,987.75,117.0,866.25,33.0,405.0), 2.8702316822143388
