frame_0, 
(1776.0,742.5,1473.0,897.75,912.0,1057.5,180.0,1026.0,129.0,1010.25,72.0,933.75,42.0,877.5,27.0,364.5,180.0,191.25,372.0,31.5,480.0,24.75,1122.0,90.0,1374.0,222.75,1776.0,742.5), 2.6277745790947304
frame_1, 
(45.0,848.25,27.0,364.5,372.0,31.5,1137.0,123.75,1563.0,432.0,1776.0,742.5,1473.0,897.75,915.0,1057.5,720.0,1053.0,648.0,1041.75,153.0,904.5,45.0,848.25), 2.937210300639571
frame_10, 
(45.0,848.25,27.0,364.5,372.0,31.5,1071.0,60.75,1104.0,65.25,1563.0,434.25,1683.0,542.25,1473.0,897.75,648.0,1041.75,45.0,848.25), 2.899386016211605
frame_11, 
(1431.0,965.25,648.0,1041.75,57.0,888.75,45.0,848.25,27.0,364.5,375.0,60.75,1104.0,65.25,1560.0,391.5,1533.0,578.25,1473.0,897.75,1431.0,965.25), 2.885497265030294
frame_12, 
(45.0,848.25,27.0,364.5,375.0,58.5,1104.0,65.25,1173.0,135.0,1722.0,693.0,1473.0,897.75,648.0,1041.75,45.0,848.25), 2.903388009613574
frame_13, 
(27.0,364.5,375.0,58.5,1104.0,65.25,1563.0,434.25,1671.0,1053.0,648.0,1041.75,45.0,848.25,27.0,364.5), 2.8795008677695026
frame_14, 
(27.0,364.5,375.0,58.5,1062.0,29.25,1104.0,65.25,1776.0,742.5,1719.0,931.5,846.0,1044.0,648.0,1041.75,45.0,848.25,27.0,364.5), 2.877020078690468
frame_2, 
(45.0,848.25,27.0,364.5,372.0,36.0,1065.0,87.75,1137.0,123.75,1230.0,191.25,1497.0,472.5,1521.0,639.0,1473.0,897.75,915.0,1057.5,491.99999999999994,1039.5,45.0,848.25), 2.9204157356804514
frame_3, 
(1776.0,742.5,1473.0,897.75,915.0,1057.5,648.0,1041.75,231.0,882.0,180.0,852.75,138.0,814.5,36.0,402.75,27.0,364.5,372.0,36.0,723.0,45.0,1065.0,87.75,1137.0,123.75,1563.0,432.0,1776.0,742.5), 2.8673394467816893
frame_4, 
(1533.0,578.25,1473.0,897.75,846.0,1044.0,648.0,1041.75,180.0,1026.0,45.0,875.25,27.0,364.5,372.0,36.0,1071.0,60.75,1224.0,200.25,1464.0,472.5,1533.0,578.25), 2.8806142667293937
frame_5, 
(915.0,1057.5,180.0,1026.0,45.0,848.25,27.0,364.5,372.0,36.0,954.0,81.0,1137.0,123.75,1563.0,432.0,1473.0,897.75,915.0,1057.5), 2.8676727179245955
frame_6, 
(915.0,1057.5,180.0,1026.0,39.0,657.0,27.0,364.5,375.0,60.75,954.0,81.0,1137.0,123.75,1248.0,180.0,1563.0,432.0,1776.0,742.5,1473.0,897.75,915.0,1057.5), 2.899993431583023
frame_7, 
(27.0,364.5,375.0,60.75,648.0,24.75,930.0,81.0,1401.0,182.25,1563.0,249.75,1671.0,1053.0,648.0,1041.75,180.0,1026.0,60.0,990.0,39.0,816.75,33.0,724.5,27.0,364.5), 2.6170025450595333
frame_8, 
(648.0,1041.75,45.0,848.25,39.0,816.75,27.0,364.5,372.0,31.5,1071.0,60.75,1104.0,65.25,1497.0,472.5,1533.0,578.25,1473.0,897.75,1353.0,924.75,648.0,1041.75), 2.858522263371176
frame_9, 
(27.0,364.5,372.0,31.5,1104.0,65.25,1563.0,434.25,1473.0,897.75,1353.0,924.75,648.0,1041.75,180.0,1026.0,48.0,879.75,27.0,364.5), 2.8702316822143388
