frame_0, 
(1758.0,213.75,1725.0,967.5,567.0,801.0,54.0,603.0,45.0,139.5,60.0,20.25,1695.0,38.25,1758.0,213.75), 2.6277745790947304
frame_1, 
(1764.0,81.0,1860.0,771.75,1833.0,1041.75,1617.0,1059.75,930.0,1012.5,486.0,879.75,51.0,659.25,30.0,490.5,36.0,270.0,45.0,139.5,60.0,18.0,693.0,18.0,1695.0,38.25,1764.0,81.0), 2.937210300639571
frame_10, 
(48.0,659.25,39.0,560.25,45.0,139.5,63.0,20.25,423.0,18.0,1854.0,18.0,1725.0,967.5,1299.0,1003.5,684.0,850.5,48.0,659.25), 2.899386016211605
frame_11, 
(54.0,603.0,45.0,139.5,63.0,20.25,1299.0,18.0,1692.0,60.75,1839.0,191.25,1872.0,519.75,1725.0,967.5,1299.0,1003.5,621.0,841.5,54.0,603.0), 2.885497265030294
frame_12, 
(48.0,659.25,45.0,139.5,63.0,20.25,1398.0,33.75,1689.0,92.25,1758.0,213.75,1872.0,519.75,1725.0,967.5,1299.0,1003.5,762.0,904.5,48.0,659.25), 2.903388009613574
frame_13, 
(1725.0,967.5,1299.0,1003.5,684.0,850.5,93.0,544.5,60.0,308.25,45.0,139.5,60.0,18.0,1266.0,18.0,1875.0,20.25,1872.0,519.75,1725.0,967.5), 2.8795008677695026
frame_14, 
(1860.0,1017.0,597.0,823.5,522.0,771.75,135.0,346.5,48.0,247.5,45.0,139.5,60.0,20.25,567.0,18.0,1299.0,18.0,1692.0,60.75,1878.0,175.5,1872.0,519.75,1860.0,1017.0), 2.877020078690468
frame_2, 
(39.0,560.25,45.0,139.5,60.0,20.25,1398.0,31.5,1695.0,49.5,1872.0,519.75,1725.0,967.5,1299.0,1003.5,684.0,850.5,51.0,659.25,39.0,560.25), 2.9204157356804514
frame_3, 
(51.0,659.25,39.0,560.25,45.0,139.5,60.0,18.0,1266.0,18.0,1695.0,38.25,1881.0,240.75,1725.0,967.5,1299.0,1003.5,684.0,850.5,51.0,659.25), 2.8673394467816893
frame_4, 
(39.0,560.25,45.0,139.5,60.0,18.0,1854.0,18.0,1875.0,517.5,1725.0,967.5,1299.0,1003.5,564.0,1014.75,51.0,659.25,39.0,560.25), 2.8806142667293937
frame_5, 
(1854.0,18.0,1875.0,519.75,1725.0,967.5,429.0,945.0,48.0,659.25,39.0,560.25,45.0,139.5,60.0,18.0,1854.0,18.0), 2.8676727179245955
frame_6, 
(1854.0,18.0,1875.0,519.75,1725.0,967.5,681.0,848.25,597.0,823.5,48.0,659.25,39.0,560.25,45.0,139.5,60.0,18.0,1854.0,18.0), 2.899993431583023
frame_7, 
(1725.0,967.5,597.0,823.5,48.0,659.25,39.0,560.25,45.0,139.5,63.0,20.25,1263.0,18.0,1695.0,38.25,1893.0,144.0,1875.0,519.75,1725.0,967.5), 2.6170025450595333
frame_8, 
(1758.0,213.75,1725.0,967.5,597.0,823.5,48.0,659.25,39.0,560.25,45.0,139.5,63.0,20.25,1695.0,38.25,1758.0,213.75), 2.858522263371176
frame_9, 
(51.0,659.25,39.0,560.25,45.0,139.5,63.0,20.25,1299.0,18.0,1878.0,20.25,1875.0,519.75,1029.0,753.75,732.0,812.25,597.0,823.5,51.0,659.25), 2.8702316822143388
