frame_0, 
(39.0,560.25,45.0,139.5,93.0,54.0,159.0,31.5,201.0,22.5,288.0,24.75,417.0,29.25,1437.0,249.75,1476.0,375.75,1503.0,474.75,1329.0,747.0,1287.0,776.25,1257.0,796.5,1104.0,897.75,849.0,960.75,438.0,1005.75,222.0,1003.5,129.0,902.25,51.0,659.25,39.0,560.25), 2.8694403491788756
frame_1, 
(1890.0,501.75,1833.0,1041.75,1548.0,1032.75,144.0,758.25,39.0,292.5,66.0,114.75,159.0,31.5,201.0,22.5,567.0,18.0,1689.0,99.0,1890.0,501.75), 2.9138321270822245
frame_10, 
(1875.0,753.75,900.0,1032.75,222.0,1003.5,48.0,659.25,45.0,139.5,60.0,47.25,156.0,31.5,204.0,24.75,288.0,24.75,663.0,49.5,1758.0,213.75,1875.0,753.75), 2.8508089620653747
frame_11, 
(930.0,1012.5,222.0,1003.5,48.0,659.25,45.0,139.5,60.0,47.25,156.0,31.5,288.0,24.75,663.0,49.5,1758.0,213.75,1755.0,301.5,1284.0,807.75,930.0,1012.5), 2.840420438438654
frame_12, 
(930.0,1012.5,222.0,1003.5,129.0,902.25,54.0,603.0,45.0,139.5,60.0,47.25,156.0,31.5,288.0,24.75,393.0,29.25,663.0,49.5,1758.0,213.75,1755.0,301.5,1296.0,814.5,930.0,1012.5), 2.9143767583834372
frame_13, 
(1788.0,848.25,927.0,1012.5,222.0,1003.5,54.0,603.0,45.0,139.5,60.0,47.25,156.0,31.5,288.0,24.75,663.0,49.5,1758.0,213.75,1788.0,848.25), 2.8891982539320624
frame_14, 
(1758.0,213.75,1788.0,848.25,900.0,1032.75,222.0,1003.5,48.0,659.25,39.0,560.25,45.0,139.5,60.0,47.25,156.0,31.5,288.0,24.75,420.0,29.25,663.0,49.5,1758.0,213.75), 2.50129498530879
frame_2, 
(1758.0,213.75,1791.0,846.0,1746.0,893.25,624.0,981.0,441.0,974.25,198.0,949.5,129.0,902.25,51.0,659.25,39.0,560.25,45.0,139.5,60.0,47.25,204.0,22.5,288.0,24.75,441.0,42.75,1758.0,213.75), 2.8863411774097205
frame_3, 
(60.0,47.25,201.0,22.5,288.0,24.75,546.0,47.25,1758.0,213.75,1257.0,796.5,1041.0,940.5,624.0,981.0,222.0,1003.5,129.0,902.25,51.0,659.25,39.0,560.25,45.0,139.5,60.0,47.25), 2.8926414026018095
frame_4, 
(222.0,1003.5,129.0,902.25,51.0,659.25,39.0,560.25,45.0,139.5,60.0,47.25,201.0,22.5,1854.0,18.0,1755.0,301.5,1284.0,807.75,1005.0,963.0,222.0,1003.5), 2.616005249095005
frame_5, 
(222.0,1003.5,129.0,902.25,48.0,659.25,39.0,560.25,45.0,139.5,60.0,47.25,204.0,22.5,1854.0,18.0,1755.0,301.5,1587.0,567.0,1296.0,814.5,993.0,972.0,222.0,1003.5), 2.8866927877140687
frame_6, 
(927.0,1012.5,222.0,1003.5,129.0,902.25,48.0,659.25,39.0,560.25,45.0,139.5,60.0,47.25,204.0,22.5,288.0,24.75,552.0,33.75,1758.0,213.75,1755.0,301.5,1587.0,567.0,1284.0,807.75,927.0,1012.5), 2.8575251565257083
frame_7, 
(858.0,1059.75,222.0,1003.5,48.0,659.25,45.0,249.75,45.0,139.5,60.0,47.25,204.0,22.5,288.0,24.75,663.0,49.5,1758.0,213.75,1755.0,301.5,1587.0,567.0,1284.0,807.75,858.0,1059.75), 2.867796243965176
frame_8, 
(222.0,1003.5,129.0,902.25,48.0,249.75,45.0,139.5,60.0,47.25,159.0,31.5,204.0,24.75,288.0,24.75,393.0,29.25,663.0,49.5,1758.0,213.75,1755.0,301.5,1284.0,807.75,1005.0,963.0,624.0,983.25,222.0,1003.5), 2.8403492685648812
frame_9, 
(204.0,24.75,1878.0,20.25,1755.0,301.5,1284.0,807.75,993.0,972.0,222.0,1003.5,48.0,249.75,45.0,139.5,60.0,47.25,156.0,31.5,204.0,24.75), 2.855793558929666
