frame_0, (948.0,18.0,1620.0,103.5,1050.0,751.5,240.0,1008.0,42.0,738.0,99.0,369.0,522.0,108.0,867.0,29.25,948.0,18.0), 2.8694403491788756
frame_1, (948.0,18.0,1620.0,103.5,1812.0,375.75,1869.0,677.25,1725.0,704.25,351.0,814.5,42.0,738.0,204.0,344.25,234.0,306.0,525.0,137.25,663.0,69.75,867.0,29.25,948.0,18.0), 2.9138321270822245
frame_2, (1620.0,103.5,1725.0,704.25,1065.0,783.0,42.0,738.0,204.0,344.25,663.0,69.75,867.0,29.25,948.0,18.0,1620.0,103.5), 2.8863411774097205
frame_3, (1812.0,371.25,927.0,684.0,387.0,767.25,42.0,738.0,84.0,553.5,204.0,344.25,522.0,144.0,663.0,69.75,867.0,29.25,948.0,18.0,1620.0,103.5,1812.0,371.25), 2.8926414026018095
frame_4, (375.0,722.25,204.0,344.25,234.0,303.75,522.0,144.0,717.0,74.25,798.0,49.5,867.0,29.25,948.0,18.0,1179.0,51.75,1314.0,94.5,1371.0,150.75,1725.0,704.25,375.0,722.25), 2.616005249095005
frame_5, (1725.0,704.25,42.0,738.0,204.0,344.25,522.0,141.75,663.0,69.75,867.0,29.25,948.0,18.0,1620.0,103.5,1725.0,704.25), 2.8866927877140687
frame_6, (1617.0,103.5,1725.0,704.25,375.0,722.25,180.0,495.0,204.0,344.25,522.0,141.75,663.0,69.75,867.0,29.25,948.0,18.0,1617.0,103.5), 2.8575251565257083
frame_7, (24.0,906.75,42.0,141.75,1227.0,18.0,1266.0,22.5,1362.0,38.25,1704.0,112.5,1809.0,148.5,1821.0,207.0,1887.0,1014.75,1053.0,1048.5,279.0,1028.25,216.0,1026.0,24.0,906.75), 2.867796243965176
frame_8, (1620.0,103.5,1725.0,704.25,465.0,724.5,375.0,722.25,180.0,495.0,204.0,344.25,663.0,69.75,867.0,29.25,948.0,18.0,1224.0,18.0,1620.0,103.5), 2.8403492685648812
frame_9, (1725.0,704.25,42.0,738.0,90.0,234.0,663.0,69.75,867.0,29.25,948.0,18.0,1290.0,56.25,1620.0,103.5,1725.0,704.25), 2.855793558929666
frame_10, (1620.0,103.5,1725.0,704.25,1722.0,738.0,39.0,738.0,87.0,623.25,204.0,344.25,717.0,76.5,897.0,27.0,948.0,18.0,1290.0,56.25,1620.0,103.5), 2.8508089620653747
frame_11, (1620.0,103.5,1725.0,704.25,375.0,722.25,204.0,344.25,663.0,69.75,948.0,18.0,1620.0,103.5), 2.840420438438654
frame_12, (1728.0,704.25,780.0,1030.5,405.0,886.5,255.0,823.5,87.0,623.25,42.0,141.75,948.0,18.0,1617.0,105.75,1728.0,704.25), 2.9143767583834372
frame_13, (1725.0,704.25,780.0,1030.5,255.0,823.5,87.0,623.25,75.0,499.5,234.0,303.75,288.0,240.75,432.0,157.5,663.0,69.75,867.0,29.25,948.0,18.0,1617.0,103.5,1725.0,704.25), 2.8891982539320624
frame_14, (1725.0,704.25,780.0,1030.5,405.0,886.5,87.0,623.25,84.0,553.5,99.0,369.0,288.0,240.75,522.0,144.0,798.0,49.5,867.0,29.25,948.0,18.0,1620.0,103.5,1725.0,704.25), 2.50129498530879
