frame_0, 
(240.0,1057.5,132.0,272.25,165.0,110.25,1341.0,18.0,1581.0,51.75,1725.0,108.0,1824.0,274.5,1881.0,643.5,1875.0,749.25,1677.0,929.25,1503.0,1048.5,240.0,1057.5), 2.8694403491788756
frame_1, 
(45.0,983.25,24.0,180.0,201.0,148.5,1341.0,18.0,1578.0,51.75,1725.0,108.0,1860.0,472.5,1890.0,904.5,1500.0,1050.75,45.0,983.25), 2.9138321270822245
frame_10, 
(24.0,191.25,201.0,148.5,1341.0,18.0,1578.0,51.75,1710.0,186.75,1869.0,564.75,1893.0,663.75,1890.0,904.5,1497.0,1050.75,609.0,798.75,30.0,207.0,24.0,191.25), 2.8508089620653747
frame_11, 
(24.0,191.25,201.0,148.5,1341.0,18.0,1650.0,132.75,1824.0,274.5,1860.0,472.5,1875.0,749.25,1671.0,924.75,1494.0,1050.75,1242.0,1053.0,609.0,798.75,24.0,191.25), 2.840420438438654
frame_12, 
(240.0,1057.5,24.0,182.25,201.0,148.5,1341.0,18.0,1584.0,20.25,1725.0,105.75,1842.0,209.25,1881.0,641.25,1890.0,904.5,1488.0,974.25,240.0,1057.5), 2.9143767583834372
frame_13, 
(240.0,1057.5,24.0,182.25,201.0,148.5,1341.0,18.0,1584.0,20.25,1794.0,92.25,1860.0,472.5,1875.0,749.25,1875.0,830.25,1779.0,909.0,1332.0,1050.75,240.0,1057.5), 2.8891982539320624
frame_14, 
(240.0,1057.5,24.0,182.25,1341.0,18.0,1584.0,20.25,1725.0,105.75,1842.0,209.25,1860.0,472.5,1875.0,749.25,1671.0,924.75,1329.0,1050.75,1242.0,1053.0,240.0,1057.5), 2.50129498530879
frame_2, 
(687.0,967.5,24.0,180.0,165.0,108.0,1299.0,51.75,1578.0,51.75,1710.0,186.75,1860.0,472.5,1881.0,641.25,1875.0,830.25,1827.0,864.0,1494.0,1050.75,687.0,967.5), 2.8863411774097205
frame_3, 
(201.0,148.5,1299.0,51.75,1578.0,51.75,1725.0,105.75,1863.0,472.5,1881.0,641.25,1890.0,904.5,1494.0,1050.75,687.0,967.5,480.0,900.0,201.0,148.5), 2.8926414026018095
frame_4, 
(609.0,798.75,24.0,182.25,1341.0,18.0,1578.0,51.75,1725.0,105.75,1824.0,274.5,1863.0,472.5,1881.0,641.25,1875.0,749.25,1827.0,864.0,1494.0,1050.75,1389.0,1057.5,609.0,798.75), 2.616005249095005
frame_5, 
(609.0,798.75,24.0,182.25,201.0,148.5,1341.0,18.0,1578.0,51.75,1725.0,105.75,1815.0,166.5,1863.0,472.5,1881.0,641.25,1890.0,904.5,1497.0,1050.75,609.0,798.75), 2.8866927877140687
frame_6, 
(609.0,798.75,24.0,180.0,165.0,108.0,1341.0,18.0,1578.0,51.75,1725.0,105.75,1860.0,472.5,1881.0,641.25,1875.0,830.25,1749.0,942.75,1497.0,1050.75,1392.0,1055.25,609.0,798.75), 2.8575251565257083
frame_7, 
(510.0,1003.5,24.0,180.0,165.0,108.0,1341.0,18.0,1578.0,51.75,1725.0,108.0,1824.0,274.5,1860.0,472.5,1893.0,663.75,1875.0,830.25,1749.0,942.75,1497.0,1050.75,1398.0,1055.25,1242.0,1053.0,510.0,1003.5), 2.867796243965176
frame_8, 
(1893.0,285.75,1890.0,904.5,1830.0,949.5,1497.0,1050.75,609.0,798.75,24.0,180.0,294.0,96.75,1299.0,51.75,1578.0,51.75,1893.0,285.75), 2.8403492685648812
frame_9, 
(24.0,182.25,165.0,108.0,1341.0,18.0,1578.0,51.75,1725.0,105.75,1824.0,274.5,1860.0,472.5,1893.0,663.75,1890.0,904.5,1497.0,1050.75,609.0,798.75,24.0,182.25), 2.855793558929666
