frame_0, 
(327.0,180.0,261.0,634.5,258.0,902.25,370.3636363636364,937.4318181818181,702.0,875.25,1518.0,672.75,1653.0,526.5,1847.6610169491523,168.81038135593218,1801.0867678958787,77.74109079640533,1488.5917808219178,51.36164383561645,1114.6376811594203,29.065217391304348,766.4052287581699,37.490196078431374,327.0,180.0), 1.5920822235305148
frame_1, 
(1869.6089042921888,211.72633964276193,1801.0867678958787,77.74109079640533,1200.0,27.0,869.3333333333334,35.00000000000001,858.0,36.0,678.0508235294118,73.02494117647058,339.0,247.5,57.0,526.5,180.0,879.75,366.0,938.25,1437.0954567041317,794.0640731359822,1808.4467245187209,541.7783463471471,1869.6089042921888,211.72633964276193), 1.6434581275731048
frame_10, 
(180.0,879.75,258.0,902.25,752.8371610537489,929.9779443693911,1821.0,533.25,1767.0,258.75,1476.0,112.5,1290.972839506173,34.95185185185185,1187.0607028753993,27.25878594249201,776.7326732673268,35.46534653465346,768.0,36.0,703.7526228602982,51.743787962451684,327.0,180.0,180.0,879.75), 1.6558792282756614
frame_11, 
(776.7326732673268,35.46534653465346,768.0,36.0,705.3312000000001,51.2064,327.0,180.0,57.0,526.5,258.0,902.25,567.0,999.0,1770.0,749.25,1821.0,533.25,1806.0,310.5,1476.0,112.5,1290.972839506173,34.95185185185185,1187.0607028753993,27.25878594249201,776.7326732673268,35.46534653465346), 1.6428215000528767
frame_12, 
(57.0,526.5,258.0,902.25,1314.0,666.0,1820.5733759676878,535.6098115112757,1820.8139214334942,534.5463473466575,1767.0,258.75,1476.0,112.5,1288.591789310612,33.953911696359405,1192.076749435666,27.15846501128668,776.7326732673268,35.46534653465346,768.0,36.0,709.8461538461539,49.45581014729951,327.0,177.75,57.0,526.5), 1.521236283026642
frame_13, 
(372.14018691588785,163.24065420560748,311.39698492462315,197.9038944723618,57.0,526.5,258.0,902.25,567.0,999.0,1521.0,675.0,1653.0,526.5,1644.0,222.75,1476.0,112.5,1344.0,51.75,1272.0,27.0,1200.0,27.0,807.6923076923077,34.84615384615385,768.0,36.0,372.14018691588785,163.24065420560748), 1.6459411106589528
frame_14, 
(258.0,902.25,724.3661397594752,928.8488292638483,1314.0,666.0,1398.0,560.25,1680.0,144.0,1308.0,42.75,1209.4971815107103,28.385005636978576,1192.076749435666,27.15846501128668,781.0344827586207,35.37931034482758,771.0,36.0,706.8714213962833,50.68206931190357,327.0,180.0,258.0,902.25), 1.655891649210133
frame_15, 
(727.7878021450297,929.0439811109333,1653.0,526.5,1476.0,112.5,1351.9337748344371,60.501655629139066,1132.5384511053844,28.340295673402952,782.3560975609757,35.297560975609755,771.0,36.0,700.8853788090579,52.05255800950518,36.0,283.5,258.0,902.25,727.7878021450297,929.0439811109333), 1.5603438013380633
frame_16, 
(1344.0,51.75,1272.0,27.0,1200.0,27.0,776.7326732673268,35.46534653465346,768.0,36.0,713.8638743455497,48.52617801047121,36.0,283.5,258.0,902.25,567.0,999.0,1770.0,749.25,1819.9417982513376,534.4268236982905,1344.0,51.75), 1.6447547928343456
frame_17, 
(367.8883997928534,937.6458441222164,1653.0,526.5,1849.0883280757098,166.1876971608833,1845.0,157.5,1620.0,87.75,1461.2260224826596,44.82563979909112,1272.0,27.0,1200.0,27.0,776.7326732673268,35.46534653465346,768.0,36.0,465.0,110.25,36.0,283.5,180.0,879.75,367.8883997928534,937.6458441222164), 1.6205198423951974
frame_18, 
(567.0,999.0,1407.0,533.25,1308.0,42.75,1305.2307692307693,41.53846153846153,1200.0,27.0,781.0344827586207,35.37931034482758,771.0,36.0,697.8864000000001,53.7408,327.0,180.0,36.0,283.5,180.0,879.75,567.0,999.0), 1.5896878653904098
frame_19, 
(57.0,526.5,180.0,879.75,368.6787878787879,937.8893939393939,1770.0,749.25,1644.0,222.75,1308.0,42.75,1305.2307692307693,41.53846153846153,1200.0,27.0,781.0344827586207,35.37931034482758,771.0,36.0,697.8864000000001,53.7408,327.0,180.0,57.0,526.5), 1.6250170955370284
frame_2, 
(648.0,110.25,345.0,324.0,180.0,879.75,243.44262295081967,899.2991803278688,258.0,902.25,699.0,875.25,1801.8742900777931,539.0797618479454,1849.7383125349227,354.5336189234495,1871.962315674495,216.32809939923538,1800.603420704999,76.79597441423904,1500.6268656716418,48.53731343283582,1193.5233949945593,27.156692056583243,768.6201629327902,37.43660896130346,648.0,110.25), 1.64887291940214
frame_3, 
(750.0,36.0,57.0,526.5,180.0,879.75,253.35163127913003,902.3525375453132,258.0,902.25,699.0,875.25,1653.0,526.5,1644.0,222.75,1476.0,112.5,1344.0,51.75,1308.0,42.75,1200.0,27.0,750.0,36.0), 1.6442918316295068
frame_4, 
(345.0,324.0,261.0,634.5,258.0,902.25,567.0,999.0,1770.0,749.25,1644.0,222.75,1308.0,42.75,1200.0,27.0,765.7893911680167,37.50509537496734,345.0,324.0), 1.5425356285560978
frame_5, 
(555.0,103.5,57.0,526.5,180.0,879.75,258.0,902.25,873.5679003785725,935.3546690610569,1770.0,749.25,1858.2085926642094,273.2463139766755,1804.2060913705584,83.84048223350254,1800.603420704999,76.79597441423904,1272.0,27.0,1200.0,27.0,744.1387283236994,38.028901734104046,555.0,103.5), 1.6078113883368907
frame_6, 
(258.0,902.25,751.5573587463616,930.4532776426493,1821.0,533.25,1767.0,258.75,1476.0,112.5,1308.0,42.75,1266.0,36.0,1200.0,27.0,869.3333333333334,35.0,858.0,36.0,714.4178429154576,61.18477352087739,57.0,526.5,258.0,902.25), 1.593428590206633
frame_7, 
(705.7381102272077,67.32822068334,57.0,526.5,180.0,879.75,258.0,902.25,524.3548323858066,916.9330033326798,1770.0,749.25,1869.6184738955826,211.67469879518072,1842.0,157.5,1801.0985033066481,77.7420814479638,1200.0,27.0,786.1743367623174,50.77828911748782,705.7381102272077,67.32822068334), 1.6082188828941855
frame_8, 
(57.0,526.5,258.0,902.25,521.702403662724,917.2900610454026,1770.0,749.25,1821.0,533.25,1617.0,236.25,1476.0,112.5,1308.0,42.75,1263.0,36.0,1200.0,27.0,889.6551724137931,33.20689655172414,858.0,36.0,631.3827558420629,75.74939564867043,327.0,177.75,57.0,526.5), 1.6095858974575452
frame_9, 
(261.0,634.5,258.0,902.25,879.5548494435959,937.6998963560986,1791.903222882009,758.764743212003,1807.4672642244739,734.2111262665627,1821.0,533.25,1767.0,258.75,1476.0,112.5,1322.4440734557595,48.74686978297162,1159.8396051819866,29.550508945095626,719.7675464388252,57.498633643502025,345.0,324.0,261.0,634.5), 1.571110444355294
