frame_0, 
(753.0,110.25,246.50220826903632,291.31112648326507,185.52901718420262,799.882970304492,189.0,832.5,209.52949229212544,853.4125052080233,897.5663810059004,1026.1238058443382,1428.7626996344043,1014.4796276698095,1776.5632295719847,879.6580739299611,1458.0,83.25,1418.432248296745,70.75492051476154,753.0,110.25), 1.5920822235305148
frame_1, 
(304.47500730780473,871.9983192049109,898.0986096256685,1026.1121390374333,1827.0,1005.75,1827.0,996.75,1455.0,83.25,1353.257299270073,50.54698905109489,753.0,110.25,520.8288478983973,149.9634865436952,197.0174037561271,299.91643718675994,186.0,337.5,174.79245283018867,521.0235849056603,213.0,695.25,304.47500730780473,871.9983192049109), 1.6434581275731048
frame_10, 
(129.0,402.75,138.0,616.5,297.0,742.5,972.0,1003.5,1142.723933808691,1024.3199919278893,1335.9934261838434,1019.0750139275766,1842.0,942.75,1878.0,852.75,1821.3766298273936,246.77104805662486,1707.0,85.5,1587.0,60.75,946.7556916676298,40.92592164567203,282.0,96.75,201.32879656160458,203.6862464183381,138.0,353.25,129.0,402.75), 1.6558792282756614
frame_11, 
(1842.0,942.75,1860.0,897.75,1821.0,663.75,1731.0,479.25,1506.0,103.5,1270.3940060489413,65.55004124278251,961.0412136946292,51.41469831482812,240.0,198.0,116.54855448480352,335.59692364714607,106.97014925373134,354.19029850746267,84.4513501928847,434.88266180882977,390.0,1037.25,1842.0,942.75), 1.6428215000528767
frame_12, 
(1590.0,40.5,450.4525681534279,221.85009919905946,245.99999999999997,299.25,129.0,402.75,122.3186119873817,422.7941640378549,149.32107626369142,620.9100704129532,972.0,1003.5,1798.9880863737899,1005.6762844378259,1865.0456994611852,877.8228397525444,1806.5521191294386,104.61082474226804,1590.0,40.5), 1.521236283026642
frame_13, 
(390.0,1037.25,1827.0,1005.75,1857.4376199616124,914.4371401151631,1809.0392965433596,159.0775924802911,1782.0,83.25,1587.0,60.75,1014.2526906878802,43.0158516612073,753.0,110.25,561.0,180.0,245.99999999999997,299.25,226.13278008298755,311.7341314343389,172.36304549675023,608.1942896935933,390.0,1037.25), 1.6459411106589528
frame_14, 
(1734.0,90.0,1590.0,40.5,355.27719821162447,257.8807749627422,245.99999999999997,299.25,138.0,353.25,129.0,402.75,132.84269662921346,494.0140449438202,153.9586092715232,643.1451779801324,390.0,1037.25,1828.2166324435316,1002.1001026694045,1857.4376199616124,914.4371401151631,1813.1478260869565,223.2,1734.0,90.0), 1.655891649210133
frame_15, 
(576.3643573441699,180.0426197810841,399.0,353.25,306.23767946628953,564.9468672180035,456.0,702.0,972.0,1003.5,1117.9087772075738,1021.2937533179968,1827.0,1005.75,1855.6928982725526,919.6713051823416,1796.366847483285,239.0696669610193,1791.0,218.25,1704.0,85.5,1587.0,60.75,1173.6390179163902,47.950978765759785,952.6381578947369,58.87253289473684,753.0,110.25,576.3643573441699,180.0426197810841), 1.5603438013380633
frame_16, 
(1791.0,218.25,1707.0,85.5,1587.0,60.75,564.0,204.75,473.33488914819134,226.60676779463245,324.0,306.0,135.9081903006566,452.2299130284529,162.16653635652855,640.3053166536356,267.0,832.5,276.9009287925697,848.9814241486067,1102.836298932384,1003.8443060498221,1827.0,1005.75,1855.6928982725526,919.6713051823417,1796.366847483285,239.0696669610193,1791.0,218.25), 1.6447547928343456
frame_17, 
(1791.0,218.25,1707.0,85.5,1668.382587369712,65.44865113427345,1450.6333535941649,48.580752743209956,551.0328243007718,202.40635114947298,324.0,306.0,288.0,346.5,142.41117031049052,562.8979423112255,265.75362748001186,829.8029315960911,354.99325567136725,978.8012393798721,1160.5675645215824,1020.3586442015102,1827.0,1005.75,1863.0,1003.5,1795.8899999999999,233.59916666666666,1791.0,218.25), 1.6205198423951974
frame_18, 
(1827.0,1005.75,1863.0,1003.5,1805.5171780268233,104.30442770530958,1590.0,40.5,138.0,353.25,95.32258064516128,395.92741935483866,84.4513501928847,434.88266180882977,390.0,1037.25,1827.0,1005.75), 1.5896878653904098
frame_19, 
(564.0,204.75,460.6046511627907,225.15697674418604,138.0,353.25,333.275390625,883.283203125,624.0,954.0,1839.0,942.75,1851.8299643281807,913.1423900118906,1821.0,663.75,1647.0,369.0,1246.5544821179749,95.48140966093823,564.0,204.75), 1.6250170955370284
frame_2, 
(940.7805076142131,78.4046192893401,558.0,132.75,248.31876004414585,276.15943326814727,218.70335060176888,523.1788711170643,456.0,699.75,1489.5171716512834,990.9287368318058,1783.1817488913525,877.0924681263858,1710.0,677.25,1455.0,83.25,1348.322097378277,48.96067415730337,940.7805076142131,78.4046192893401), 1.64887291940214
frame_3, 
(1848.0,744.75,1862.8920539730136,561.2586206896551,1859.0447450572321,388.70681581685795,1854.0,344.25,1824.9846625766872,286.2193251533742,1416.0,148.5,963.84229390681,122.41397849462365,234.0,236.25,138.0,353.25,456.0,699.75,1138.7619821283508,887.0354048199296,1848.0,744.75), 1.6442918316295068
frame_4, 
(1808.3703382480485,286.058326105811,1287.0,168.75,750.0,110.25,234.0,236.25,115.2207046857973,370.71712677079546,138.88990825688074,544.3770442760272,213.0,693.0,928.9754854611463,918.6465293275155,1384.562453696844,962.8359757001039,1863.0443349753696,568.0884236453202,1858.3585951940852,357.9329944547134,1857.0,344.25,1808.3703382480485,286.058326105811), 1.5425356285560978
frame_5, 
(870.8063404548587,117.04651964162647,240.0,198.0,138.0,353.25,136.04320774282752,523.4909263740062,164.86476085761407,734.9534084661902,189.0,832.5,390.0,1037.25,980.416300940439,1024.3076802507837,1842.0,942.75,1869.5156516789982,858.3269778030736,1858.8190854870777,378.5859840954274,1854.0,344.25,1835.0904042647712,289.6222789871169,1416.0,148.5,870.8063404548587,117.04651964162647), 1.6078113883368907
frame_6, 
(279.0,20.25,215.63212582734323,573.6968365240908,282.0,648.0,1073.1417426212538,947.1994975635621,1843.6345205915088,845.6345404674828,1821.0,663.75,1668.0,171.0,1506.0,103.5,1302.5306685658327,50.18122941333571,279.0,20.25), 1.593428590206633
frame_7, 
(456.0,702.0,1177.3674897757217,984.4337120986299,1415.6999131621387,990.2792147376257,1867.9736863195576,853.531516309139,1878.0,555.75,1797.8258200652215,244.72947439094574,1748.4580291970801,201.12125912408757,1506.0,103.5,1302.5306685658327,50.18122941333571,279.0,20.25,221.11224489795916,525.8341836734694,456.0,702.0), 1.6082188828941855
frame_8, 
(456.0,702.0,1186.5317385270964,988.0217484741682,1398.4008266938238,993.8863146228958,1850.5561913304364,849.3155861930315,1743.0,245.25,1668.0,171.0,1506.0,103.5,750.0,110.25,282.0,126.0,183.83922518159807,244.9914043583535,138.0,353.25,456.0,702.0), 1.6095858974575452
frame_9, 
(1863.0,1003.5,1875.0,841.5,1875.4037752708591,824.9654026583269,1822.1889134031994,255.4640444015444,1791.0,218.25,1587.0,60.75,234.0,234.0,75.0,416.25,456.0,702.0,1261.2782393583127,1017.2869038843564,1863.0,1003.5), 1.571110444355294
