frame_0, 
(1776.131386861314,406.5930656934307,1539.0,164.25,1529.2396856581536,154.54273084479385,1425.0,74.25,393.9507718110383,30.16713513681399,39.0,348.75,180.0,778.5,537.0,976.5,894.0,1055.25,1401.0,1050.75,1662.0,940.5,1788.0,756.0,1796.168944099379,649.548447204969,1776.131386861314,406.5930656934307), 1.5920822235305148
frame_1, 
(1662.0,940.5,1788.0,756.0,1779.0,553.5,1555.1977948546607,190.52079852990312,1416.0,150.75,615.0,29.25,466.6099151314428,26.30185261850549,57.316293929712465,280.06389776357827,39.0,348.75,180.0,776.25,894.0,1055.25,1367.5927342256214,1057.5268881453155,1662.0,940.5), 1.6434581275731048
frame_10, 
(1788.0,756.0,1778.982218458933,622.7622777307365,1742.1797599454057,329.75808879611424,1285.7049817814386,25.634664257938084,967.8245425188375,21.870290635091497,685.8954545454545,21.303409090909092,177.0,27.0,149.14995857497928,47.19128003314002,80.60602739726028,190.89986301369865,66.0,416.25,185.51449619771864,781.5584600760457,474.100451767207,941.6145362742493,776.4413481453587,989.3924872905291,1357.5455986169138,1028.1991067569513,1788.0,756.0), 1.6558792282756614
frame_11, 
(130.8491520787746,852.3338176969366,225.0,902.25,1122.0,1044.0,1303.5517241379312,1054.2122844827586,1366.537482073791,1054.0526921906915,1792.505412371134,730.4277061855671,1742.4611474219319,331.99836601307186,1282.2675535846267,25.593957871396896,1175.0054127198919,24.323748308525033,643.4218649517685,22.186012861736334,177.0,27.0,66.0,416.25,63.51274083281541,481.5405531385954,130.8491520787746,852.3338176969366), 1.6428215000528767
frame_12, 
(40.10126582278481,344.62025316455697,51.0,396.0,66.0,416.25,537.0,976.5,1122.0,1044.0,1404.0,1053.0,1752.0,582.75,1770.4772727272727,518.6569602272727,1761.0,434.25,1732.4109772423026,324.78413654618475,1285.6806686669524,25.63437633947707,1021.0,22.5,933.0,22.5,177.0,27.0,151.25409836065575,39.87295081967213,93.0,146.25,40.10126582278481,344.62025316455697), 1.521236283026642
frame_13, 
(847.7231999999999,23.0076,177.0,27.0,120.87153088630261,130.09310653536258,42.66649681528663,338.9577707006369,66.0,416.25,180.0,778.5,537.0,976.5,1782.0,1053.0,1777.9125277983692,675.9306893995553,1752.0,470.25,1723.518281346829,319.3858965089859,1282.2675535846267,25.593957871396896,1175.0054127198919,24.323748308525033,847.7231999999999,23.0076), 1.6459411106589528
frame_14, 
(1777.5880721220526,645.9996532593619,1752.0,470.25,1723.1955639985624,317.67650305488525,1285.0288795240456,27.41887704511651,1059.6151079136691,23.859712230215827,847.7231999999999,23.0076,177.0,27.0,66.0,416.25,180.0,778.5,537.0,976.5,707.0,996.1153846153846,1389.2106022831651,1053.995243406377,1782.0,1053.0,1777.5880721220526,645.9996532593619), 1.655891649210133
frame_15, 
(831.0,20.25,753.0944881889764,20.551181102362204,177.0,27.0,30.0,297.0,420.0,762.75,537.0,848.25,1122.0,1044.0,1782.0,1053.0,1788.0,756.0,1713.2840698106202,275.68330592541514,831.0,20.25), 1.5603438013380633
frame_16, 
(1807.3433874709974,843.9170533642695,1758.0,312.75,1742.6234439834025,285.2003371369295,1182.0,130.5,552.0,36.0,321.8337028824834,26.704822616407984,177.0,27.0,52.61998778750254,255.4530836556076,39.80605311920939,343.2285361334156,51.0,396.0,420.0,762.75,537.0,848.25,1006.4885496183205,1005.3480916030534,1102.169452887538,1011.2272796352584,1805.0813704496788,862.5786937901499,1807.3433874709974,843.9170533642695), 1.6447547928343456
frame_17, 
(51.0,396.0,537.0,848.25,1122.0,1044.0,1782.0,1053.0,1809.0,861.75,1709.384271671135,249.1132707774799,1281.0,24.75,177.0,27.0,52.61998778750254,255.4530836556076,39.80605311920939,343.2285361334156,51.0,396.0), 1.6205198423951974
frame_18, 
(66.0,416.25,225.0,902.25,537.0,976.5,1719.0,1017.0,1746.0,999.0,1803.8117647058823,873.0529411764705,1806.8125000000002,848.2968749999999,1714.7669345579793,282.21664753157296,1548.8322173330782,165.0252534914865,1281.0,24.75,489.9067017082786,21.56865965834428,249.00000000000003,22.5,177.0,27.0,52.61998778750254,255.4530836556076,41.15867158671586,333.9630996309963,66.0,416.25), 1.5896878653904098
frame_19, 
(1519.3856074766356,1010.1604205607476,1602.0,994.5,1797.7422894424674,740.5640569395017,1775.2497760258018,498.4387654542196,1580.7601076440062,223.32205100275527,1282.2741384089438,25.594035849579598,1175.0054127198919,24.323748308525033,489.9067017082786,21.56865965834428,249.00000000000003,22.5,30.0,297.0,51.0,396.0,66.0,416.25,537.0,976.5,1519.3856074766356,1010.1604205607476), 1.6250170955370284
frame_2, 
(1722.0,1014.75,1788.0,756.0,1812.1760893050055,607.0017104789342,1773.0,405.0,1711.614461214461,236.85700245700244,1182.0,130.5,480.0,45.0,375.80602883355175,36.890563564875485,330.0,63.0,162.0,279.0,66.0,416.25,117.0,587.25,180.0,776.25,894.0,1055.25,1408.427586206896,1053.9465517241379,1722.0,1014.75), 1.64887291940214
frame_3, 
(1182.0,130.5,615.0,29.25,603.9028871391076,29.02952755905512,249.00000000000003,42.75,186.0,51.75,66.0,416.25,117.0,587.25,534.0,839.25,1122.0,1044.0,1329.0,1046.25,1761.0,544.5,1803.0,348.75,1646.982247615161,223.87758251288065,1182.0,130.5), 1.6442918316295068
frame_4, 
(1182.0,130.5,480.0,45.0,319.67905553126366,32.52219064276344,186.0,51.75,132.0,283.5,262.54602544496146,970.8647870367356,863.9392712550608,1051.2327935222672,1329.0,1046.25,1761.0,544.5,1776.0,499.5,1803.0,348.75,1646.982247615161,223.8775825128807,1182.0,130.5), 1.5425356285560978
frame_5, 
(1602.0,994.5,1813.5184135977336,720.0977337110481,1824.0,391.5,1807.4156378600826,367.2453703703705,1623.0,220.5,1182.0,130.5,552.0,36.0,489.20090293453734,33.463882618510155,249.00000000000003,42.75,186.0,51.75,180.0,83.25,141.0,330.75,420.0,792.0,537.0,846.0,1101.3014554954282,1045.0419737824222,1488.0,1026.0,1505.2,1024.2,1602.0,994.5), 1.6078113883368907
frame_6, 
(1662.0,938.25,1815.3784141698395,718.8336575070354,1817.7636549259826,665.3893568147015,1767.0,330.75,1628.2113228699552,215.56677410313904,835.5133493431276,21.355770589066253,405.0,20.25,216.0,81.0,141.0,330.75,537.0,846.0,1122.0,1044.0,1356.116434202547,1053.3397513644634,1402.1504900411041,1053.962456528612,1406.8655429243433,1053.9505096040768,1662.0,938.25), 1.593428590206633
frame_7, 
(1722.0,1017.0,1809.0,861.75,1745.7629982668977,358.2861785095321,1347.0,189.0,615.0,29.25,390.85446985446987,24.796777546777545,216.0,81.0,66.0,416.25,78.0,452.25,537.0,846.0,1122.0,1044.0,1309.3376040999358,1051.4735746316464,1420.6815497046753,1053.2434928421262,1722.0,1017.0), 1.6082188828941855
frame_8, 
(1412.7402608771774,1048.4387420117307,1788.0,756.0,1819.9831766452253,712.0231321128153,1816.1489361702131,578.9202127659602,1815.0,560.25,1767.0,330.75,1480.0593342981188,119.04377713458753,1291.3477285473919,27.518648345485133,928.6267281105991,21.791474654377883,403.4893428063943,20.73556838365897,216.0,81.0,66.0,416.25,237.0,675.0,537.0,846.0,1037.8789516259503,1022.6714123928167,1332.0,1046.25,1412.7402608771774,1048.4387420117307), 1.6095858974575452
frame_9, 
(1745.7629982668977,358.2861785095321,1347.0,189.0,615.0,29.25,390.72226415094343,24.794150943396225,177.0,27.0,66.0,416.25,198.0,821.25,225.0,902.25,1122.0,1044.0,1329.0,1046.25,1662.0,940.5,1788.0,756.0,1778.982218458933,622.7622777307367,1745.7629982668977,358.2861785095321), 1.571110444355294
