frame_0, (1793.663829787234,202.7872340425532,1749.0,117.0,1602.0,76.5,1299.0,29.25,954.0,18.0,888.0,27.0,741.0,193.5,885.0,366.75,1218.0,486.0,1777.5723986052487,616.5668930078914,1793.663829787234,202.7872340425532), 1.5920822235305148
frame_1, (1773.0,177.75,1749.0,117.0,1670.9891891891893,93.72972972972974,1310.7006237006237,27.823284823284823,836.1718610863758,21.0053428317008,723.0,24.75,885.0,366.75,1218.0,483.75,1799.891781102685,621.4643881943022,1773.0,177.75), 1.6434581275731048
frame_2, (1719.0,839.25,1743.511210762332,811.6748878923767,1776.0,657.0,1773.0,177.75,1512.0,74.25,1300.893442622951,27.68237704918033,836.1718610863758,21.0053428317008,723.0,24.75,840.0,544.5,1438.334783604305,841.2547515456836,1719.0,839.25), 1.64887291940214
frame_3, (537.0,299.25,594.0,402.75,699.0,486.0,810.0,544.5,1248.0,657.0,1470.0,702.0,1653.0,400.5,1715.4075330844926,253.84229725144215,1647.0,168.75,1574.7088948787064,103.68800539083556,1422.7816318486402,36.82745368545527,1394.251228836701,31.393091206990714,1032.0,18.0,903.0,18.0,861.0,27.0,582.0,162.0,543.5597315436243,260.438255033557,537.0,299.25), 1.6442918316295068
frame_4, (1734.5019455252918,246.36186770428014,1674.0,175.5,1592.1532258064517,115.92036290322581,1485.0,72.0,1271.880554568077,26.868823320298617,1032.0,18.0,699.0,18.0,560.351213209717,325.1070627404767,971.9384979302187,780.8623225901833,1207.3182472742235,837.0972022217651,1667.8318965517242,696.384698275862,1734.5019455252918,246.36186770428014), 1.5425356285560978
frame_5, (1852.9942259112233,465.94974738361606,1792.9880108991827,314.8626702997276,1674.0,175.5,1644.4485981308412,153.98831775700936,1458.0,87.75,1257.2186046511629,26.32674418604651,1032.0,18.0,825.0,18.0,756.0,20.25,678.5212121212121,31.377272727272725,589.8662983425414,89.2889502762431,564.0,139.5,534.0,299.25,545.0907877169559,697.3300591264543,894.0,776.25,1205.163753449862,838.4827506899724,1756.1302825308394,671.4072522881019,1852.9942259112233,465.94974738361606), 1.6078113883368907
frame_6, (505.00762519978684,709.7354238811934,795.0,866.25,1215.0,843.75,1283.2212314939434,832.4761524226111,1728.0,659.25,1840.630584551148,308.8437369519833,1650.0,207.0,1317.0,54.0,1182.0,22.5,1116.0,20.25,780.0,18.0,657.048767697955,21.31305715783954,645.7636216653193,23.813742926434927,429.15552341522266,586.9133667608028,505.00762519978684,709.7354238811934), 1.593428590206633
frame_7, (1260.0035169988275,838.9281946072686,1686.0,672.75,1725.0,657.0,1827.341448286556,345.7889595286091,1650.0,207.0,1317.0,54.0,1182.0,22.5,1116.0,20.25,777.0,18.0,668.6388888888888,20.9375,645.0109160958905,25.7704944349315,451.8720877112837,527.8588396528095,543.8435417327834,709.2469850841002,1215.0,843.75,1260.0035169988275,838.9281946072686), 1.6082188828941855
frame_8, (534.6807414601191,692.5818361271798,852.0,776.25,1151.0439622428642,831.8573483509459,1428.0,690.75,1751.3836633663368,315.91893564356434,1650.0,207.0,1317.0,54.0,1182.0,22.5,1116.0,20.25,777.0,18.0,654.0,45.0,454.4319180087848,533.9418008784772,534.6807414601191,692.5818361271798), 1.6095858974575452
frame_9, (1380.0,686.25,1505.004484304933,671.3979820627803,1772.7065217391305,550.9320652173913,1858.7959703566466,455.61874710514127,1860.1065952786566,413.7442808469214,1818.0,317.25,1647.0,177.75,1137.0,20.25,1068.0,18.0,807.0,18.0,765.0,29.25,723.0,87.75,669.0,227.25,609.0,544.5,634.8650218045287,594.8788857535972,1380.0,686.25), 1.571110444355294
frame_10, (1380.0,686.25,1872.0,441.0,1779.0,324.0,1647.0,177.75,1137.0,20.25,1068.0,18.0,729.0,18.0,606.0,47.25,660.0,380.25,720.247605997355,603.4673802202005,1380.0,686.25), 1.6558792282756614
frame_11, (600.1781868704412,28.646665508857243,609.0,555.75,628.1124123472855,591.9066905226632,1380.0,686.25,1824.6543342654336,382.89395568939557,1806.0,360.0,1647.0,177.75,1137.0,20.25,1068.0,18.0,729.0,18.0,627.0,22.5,600.1781868704412,28.646665508857243), 1.6428215000528767
frame_12, (573.2254335260116,29.328034682080926,561.0,49.5,564.0,562.5,650.1535576134099,698.5834603211816,660.0,706.5,1341.0,688.5,1860.0,348.75,1864.5684830633286,336.6019882179675,1859.7948016415871,305.09569083447326,1596.0,171.0,1086.0,20.25,1020.0,18.0,813.0,18.0,598.2404692082112,24.116568914956012,573.2254335260116,29.328034682080926), 1.521236283026642
frame_13, (1418.3107394366198,796.1454665492956,1601.1846702532791,744.8612555159281,1836.0,409.5,1864.402229845626,335.50471698113205,1859.6718266253872,304.2840557275542,1428.0,33.75,1086.0,20.25,1020.0,18.0,813.0,18.0,609.2557726465363,21.86856127886323,575.3872802481903,23.694803516028955,561.0,51.75,675.0,551.25,713.7557781046607,712.5240443710077,1418.3107394366198,796.1454665492956), 1.6459411106589528
frame_14, (663.0,706.5,1413.5793103448275,795.5839080459771,1619.0937781785392,707.098512173129,1846.8598769651403,339.1686602870813,1428.0,33.75,1086.0,20.25,1020.0,18.0,813.0,18.0,711.0,29.25,561.0,51.75,561.0,517.8698630136986,663.0,706.5), 1.655891649210133
frame_15, (582.0,528.75,630.0,553.5,1485.0214515552377,803.0738291026099,1515.0,798.75,1784.558101472995,621.2909165302782,1785.5678233438487,615.4850157728704,1819.6913580246912,284.06018518518516,1800.0,263.25,1545.0,166.5,1038.0,18.0,630.0,18.0,504.0,54.0,141.0,220.5,307.95071320886,368.2122521164328,582.0,528.75), 1.5603438013380633
frame_16, (1808.2947236965344,145.89244458320326,1038.0,18.0,630.0,18.0,504.0,54.0,141.0,220.5,307.95071320886,368.2122521164328,582.0,528.75,630.0,553.5,943.7755102040816,669.5969387755101,1376.6701902748416,782.6305496828753,1784.579766536965,621.1663424124514,1848.0,256.5,1808.2947236965344,145.89244458320326), 1.6447547928343456
frame_17, (1545.0,166.5,1038.0,18.0,630.0,18.0,504.0,54.0,387.0,175.5,325.9880991892276,377.25526290834955,630.0,553.5,1498.1773550168764,806.9139306535747,1515.0,798.75,1784.558101472995,621.2909165302782,1839.5559265442403,305.0534223706177,1800.0,263.25,1545.0,166.5), 1.6205198423951974
frame_18, (573.0,713.25,1158.3428571428572,793.0694805194805,1290.0,771.75,1768.9077684140548,578.1914435993197,1854.4786703601108,244.6753462603878,1854.0,243.0,985.3286852589644,18.34362549800797,915.0,18.0,702.0359520639148,19.426098535286282,612.0,33.75,456.0,60.75,468.0,501.75,486.0,567.0,560.2572533849129,705.8167311411992,573.0,713.25), 1.5896878653904098
frame_19, (1239.0,738.0,1416.0,609.75,1742.7563231197773,214.2300835654596,989.3041749502983,19.371769383697814,915.0,18.0,700.8955823293173,19.433734939759038,600.0,33.75,456.0,58.5,330.0,195.75,483.00000000000006,567.0,657.0,679.5,923.1043258688285,727.3757060269785,1239.0,738.0), 1.6250170955370284
