frame_0, (212.5,108.93243243243244,192.0,114.75,33.0,236.25,42.738461538461536,460.84326923076924,72.0,600.75,333.0,859.5,661.3511376472487,966.6315152493142,922.3391035548686,902.8029366306027,1102.4591977869984,501.5955838767042,810.0,258.75,341.78620979608996,87.96710111414757,212.5,108.93243243243244), 1.7047500714325488
frame_1, (33.0,236.25,41.923236288300075,692.6735361465488,265.1038596995616,1011.3109322216632,709.7419122068552,1027.3080577269993,904.0852545257621,1009.5916756924029,1221.0,839.25,1346.8557902403495,740.6629643117261,1404.219690805533,576.3936126932465,1421.100603043936,433.7499042787403,944.2687700154194,168.614962637884,145.48535486293653,122.11044874202028,33.0,236.25), 1.7288791335621025
frame_2, (93.20364238410595,153.79718543046357,33.0,236.25,51.0,438.75,517.9793724578733,910.4531522370714,749.9686847599165,941.1576200417537,933.0,891.0,1274.7291666666667,763.7604166666666,1080.0,411.75,810.0,256.5,345.9448269445478,89.1358392259025,339.78507565337,88.29160935350757,143.2222222222222,120.16666666666666,123.0722891566265,130.7168674698795,93.20364238410595,153.79718543046357), 1.6850204345141415
frame_3, (105.97837736203817,1005.8504747579206,800.2249560632689,1033.9956063268894,864.0,1032.75,1268.3534800580942,847.6690872528209,1273.3712504869497,843.2185430463576,1278.5841346153848,832.6446814903846,1275.0,814.5,1230.0,711.0,996.0000000000001,452.25,810.0,256.5,345.9448269445478,89.1358392259025,339.78507565337,88.29160935350757,135.0,121.5,33.0,236.25,37.71492039985191,477.418178452425,105.97837736203817,1005.8504747579206), 1.7040228519147336
frame_4, (39.47642679900744,567.5192307692308,57.0,789.75,201.0,868.5,345.0,931.5,928.9676034543004,975.6370863075925,1230.0,711.0,1235.1045670077365,692.1313326678313,1080.0,411.75,810.0,256.5,340.0898894280487,87.02422241667331,326.3355048859935,85.62459283387622,135.0,121.5,36.0,198.0,33.0,236.25,39.47642679900744,567.5192307692308), 1.6866812508042723
frame_5, (143.8421052631579,119.84210526315789,124.12621359223303,130.16504854368932,91.44128113879003,156.2108540925267,33.0,236.25,36.51063829787234,415.81914893617017,60.0,499.5,153.0,717.75,345.0,931.5,417.0,960.75,678.9999999999998,971.6666666666666,729.0,967.5,1011.0000000000001,875.25,1230.0,711.0,1272.0,555.75,900.0,144.0,326.33550488599343,85.62459283387622,143.8421052631579,119.84210526315789), 1.6914991992779589
frame_6, (1304.3530462002202,553.0251927424497,900.0,144.0,778.1394755024182,131.5996199945928,33.0,236.25,41.56730769230769,433.83353365384613,60.0,499.5,197.29382773996713,858.8008683407652,345.0,931.5,545.2064056939502,964.1423487544483,690.6434540389971,970.6963788300836,729.0,967.5,1099.0471004628369,925.16410291315,1272.0,846.0,1304.3530462002202,553.0251927424497), 1.68782967435377
frame_7, (657.1894783334151,172.15188693134417,114.0,227.25,33.0,236.25,51.0,441.0,318.0,915.75,345.0,931.5,545.2064056939502,964.1423487544483,646.2313401187446,968.6949745547074,1313.2312203402907,762.3662178324781,1404.0,578.25,1235.263282172373,330.417945690673,1077.0064258175069,242.42167642438957,657.1894783334151,172.15188693134417), 1.6947155294430432
frame_8, (1221.0,839.25,1128.0,371.25,960.2820483314155,222.88411967779055,583.222659419114,159.77117475255557,33.0,236.25,36.51063829787234,415.81914893617017,60.0,499.5,201.0,868.5,345.0,931.5,420.0,958.5,621.0,976.5,690.2547770700637,978.3773885350317,1221.0,839.25), 1.6971581338116648
frame_9, (60.0,499.5,201.0,868.5,345.0,931.5,417.0,958.5,603.0,1003.5,1221.0,839.25,1259.6658605775938,778.883911547226,1197.4340299578437,440.25006727060725,1128.0,371.25,894.0,164.25,717.7033397780544,140.08751357364198,33.0,236.25,36.51063829787234,415.81914893617017,60.0,499.5), 1.6885866418885678
frame_10, (1335.4858161776626,717.2247933214459,1272.0,555.75,1089.0,355.5,894.0,164.25,475.46129340554313,106.88682701497292,182.82278889606198,119.4473652356359,33.0,236.25,36.51063829787234,415.81914893617017,60.0,499.5,201.0,868.5,345.0,931.5,964.4265485325527,978.3171228542046,1221.0,839.25,1318.6586102719032,751.357250755287,1335.4858161776626,717.2247933214459), 1.686571377331132
frame_11, (171.0,771.75,345.0,931.5,636.0,956.25,964.7964010864645,979.2249038026256,1275.0,814.5,1292.6909169550172,775.5514489619377,1110.0,531.0,810.0,258.75,402.1838110274472,109.9973736944377,141.18416370106763,121.23376334519573,124.4252386002121,130.00848356309652,91.35382830626452,156.33062645011597,33.0,236.25,171.0,771.75), 1.6981764752800432
frame_12, (1182.9762932263645,371.67056234672344,1131.0,330.75,894.0,164.25,501.43286573146287,77.86172344689379,357.0,85.5,148.1958041958042,119.36013986013985,33.0,236.25,36.51063829787234,415.81914893617017,60.0,499.5,69.0,526.5,201.0,868.5,345.0,931.5,922.6219069043086,1005.9175462882852,1272.0,846.0,1182.9762932263645,371.67056234672344), 1.715123644336781
frame_13, (216.09719669117646,114.35992072610293,36.0,195.75,33.0,236.25,41.758389261744966,684.241610738255,42.0,688.5,201.0,868.5,345.0,931.5,913.7789190013729,1006.3163039609498,1275.0,814.5,1365.0,735.75,1422.2887029288702,668.2311715481172,1450.873882649553,558.8189319275729,894.0,164.25,364.7387551113131,101.27300090867787,216.09719669117646,114.35992072610293), 1.68439246792999
frame_14, (36.51063829787234,415.81914893617017,60.0,499.5,201.0,868.5,345.0,931.5,947.0249742631639,994.7477599420446,1272.0,846.0,1361.7936305732483,663.8617834394904,1368.0,609.75,894.0,164.25,304.1740034662045,94.06637781629117,236.84125560538118,104.98520179372198,36.0,195.75,33.0,236.25,36.51063829787234,415.81914893617017), 1.6915981176789439
