frame_0, 
(1866.0,319.5,1873.1186974789916,297.55068277310926,1872.0,265.5,1601.2571428571428,33.75,609.0,33.75,543.0,45.0,435.0,65.25,141.0,324.0,168.91948172142526,782.57748727441,238.40116805132845,834.0163486057415,900.0,1003.5,906.973056125303,1004.7219140406489,1866.0,319.5), 1.7047500714325488
frame_1, 
(261.0,614.25,852.0,1044.0,1837.549110707804,339.8280762250454,1855.0188840712003,307.1958580556824,1617.0,40.5,603.0087495442946,34.77123587313161,543.0,45.0,84.0,144.0,123.8035530254699,411.0603253668352,261.0,614.25), 1.7288791335621025
frame_10, 
(1254.0,265.5,1032.0,195.75,431.10564888939,57.70670312323824,84.0,141.75,132.0,726.75,140.018779342723,740.4964788732394,929.769830094809,973.7390171782597,1170.0,740.25,1254.0,265.5), 1.686571377331132
frame_11, 
(1032.0,195.75,915.0,139.5,430.7486229344016,44.03329994992489,321.0,51.75,84.0,141.75,132.0,726.75,139.53371529308066,739.664940502424,1013.9999999999999,893.25,1170.0,740.25,1032.0,195.75), 1.6981764752800432
frame_12, 
(219.0,866.25,1221.0,1059.75,1799.2055364265505,354.31260014318343,1776.0,301.5,1717.3903511152116,212.8529060617572,480.5839554771278,48.06882041536583,465.0,49.5,84.0,141.75,179.93750435449036,830.7557130913398,219.0,866.25), 1.715123644336781
frame_13, 
(1407.0,87.75,636.0,42.75,531.1093670886075,40.378101265822785,321.0,51.75,84.0,141.75,48.0,238.5,67.64631882862446,327.8907506702413,261.0,614.25,1013.9999999999999,893.25,1263.985548326619,946.6686995725877,1561.101580720394,165.0509552639638,1407.0,87.75), 1.68439246792999
frame_14, 
(1013.9999999999999,893.25,1149.0,765.0,1556.523201293452,114.5302748585287,1407.0,87.75,636.0,40.5,532.2741312741314,38.545366795366796,321.0,51.75,276.0,130.5,143.29736927340122,679.971830352323,1013.9999999999999,893.25), 1.6915981176789439
frame_2, 
(382.21089447834504,69.54539365977081,84.0,141.75,144.73974300706524,550.5120542907904,753.44091796875,975.2308044433594,1011.0000000000001,891.0,1197.0,783.0,1819.7135155372519,351.5684387869712,1850.8683985531075,302.54531404143376,1780.1823717460802,223.34289846247526,477.0,74.25,382.21089447834504,69.54539365977081), 1.6850204345141415
frame_3, 
(219.0,864.0,633.3981986252667,981.838350319981,1013.9999999999999,893.25,1149.0,765.0,1167.0,742.5,1140.0,351.0,1032.0,175.5,915.0,139.5,462.073058308366,50.20868863793501,84.0,141.75,173.55632310228432,744.4398500667241,219.0,864.0), 1.7040228519147336
frame_4, 
(375.0,679.5,1013.9999999999999,893.25,1149.0,765.0,1167.0,742.5,1140.0,351.0,1032.0,175.5,460.98914354644154,51.42521109770808,390.0,85.5,223.36201400873009,499.67290122830167,375.0,679.5), 1.6866812508042723
frame_5, 
(572.5350553505535,38.2749077490775,321.0,51.75,289.97501205434384,736.515805371983,950.0548867914167,965.6830022391565,1793.4676671816374,278.7313506952108,1772.5088062622308,250.43688845401172,636.0,42.75,572.5350553505535,38.2749077490775), 1.6914991992779589
frame_6, 
(334.6363636363636,29.25,321.0,51.75,296.76989291386997,586.5430778295845,830.3454223272297,1026.1586828115771,989.408713692946,1039.8360995850624,1149.0,1035.0,1842.0978428231488,290.89798124329286,1775.7263955435449,220.3327337234942,367.8865979381443,29.25,334.6363636363636,29.25), 1.68782967435377
frame_7, 
(1146.0,765.0,1170.0,740.25,1401.0,144.0,384.64285714285717,29.25,334.6363636363636,29.25,321.0,51.75,296.76989291386997,586.5430778295845,830.3454223272297,1026.1586828115771,867.7192585501697,1029.3723566269255,1013.9999999999999,893.25,1146.0,765.0), 1.6947155294430432
frame_8, 
(1170.0,740.25,1032.0,195.75,390.0,36.0,350.625,29.25,329.4878048780488,29.25,69.0,119.25,252.35643404163523,869.7016907561213,773.9313232830821,1021.3077889447236,892.6094451863543,1031.512595605196,1152.0,951.75,1170.0,740.25), 1.6971581338116648
frame_9, 
(1170.0,740.25,1026.0,236.25,858.0,157.5,493.75925925925935,62.93749999999999,477.0,74.25,447.0,105.75,303.0,580.5,290.6766084730651,784.9912781500763,928.2160660544796,973.280133497955,1013.9999999999999,893.25,1170.0,740.25), 1.6885866418885678
