frame_0, 
(813.0,785.25,1794.0,461.25,1704.0,258.75,1635.5755440935968,128.57664486098875,1512.0,63.0,1293.0,29.25,998.9999999999999,27.0,798.0,51.75,414.0,135.0,234.0,245.25,201.0,333.0,120.0,587.25,42.0,1037.25,813.0,785.25), 1.7047500714325488
frame_1, 
(798.0,51.75,414.0,135.0,135.0,263.25,237.0,668.25,326.1562082032992,757.7572168970129,747.0,805.5,1779.0,760.5,1704.0,258.75,1358.8980108499095,39.405515370705245,1312.2762836185818,32.22066014669927,1226.433962264151,28.740566037735846,1184.275471698113,28.417924528301885,798.0,51.75), 1.7288791335621025
frame_10, 
(998.9999999999999,27.0,795.0,51.75,417.0,132.75,366.0,409.5,348.0,531.0,461.83459197888396,750.1315895593519,747.0,805.5,1098.0,866.25,1779.0,760.5,1794.0,461.25,1791.0,207.0,1545.0,92.25,1350.0,33.75,1007.6005726556907,26.78256979241231,998.9999999999999,27.0), 1.686571377331132
frame_11, 
(747.0,805.5,1176.0,690.75,1488.0,580.5,1794.0,461.25,1782.0,231.75,1372.8644366197182,44.22953345070423,1319.8400842514584,33.13628078418665,1009.6020942408378,26.823298429319372,998.9999999999999,27.0,798.0,51.75,417.0,132.75,348.0,531.0,500.28421970357454,824.147122929381,747.0,805.5), 1.6981764752800432
frame_12, 
(1830.0,231.75,1765.227392449517,197.3777436347674,1367.8541364296082,40.785740203193036,1293.0,29.25,998.9999999999999,27.0,795.0,51.75,417.0,132.75,344.4933050143134,750.5070412780497,723.3731092436974,941.5256092436974,849.0,927.0,1554.0,780.75,1794.0,461.25,1823.1235093696762,388.1901618398637,1830.0,231.75), 1.715123644336781
frame_13, 
(998.9999999999999,27.0,795.0,51.75,414.0,135.0,426.0,596.25,516.0,884.25,529.9469387755101,907.0163265306122,633.0,936.0,849.0,927.0,1761.0,501.75,1794.0,461.25,1807.5706806282722,422.7997382198953,1815.7143916913947,353.43277077151333,1792.0597628841035,213.2790950883136,1729.6799999999998,182.91000000000003,1350.0,33.75,1293.0,29.25,998.9999999999999,27.0), 1.68439246792999
frame_14, 
(998.9999999999999,27.0,795.0,51.75,414.0,135.0,343.29744715259324,760.2757017442532,596.8407692307693,883.2223557692307,849.0,927.0,1794.0,461.25,1782.0,231.75,1350.0,33.75,1226.433962264151,28.740566037735846,998.9999999999999,27.0), 1.6915981176789439
frame_2, 
(998.9999999999999,27.0,798.0,51.75,414.0,135.0,135.0,263.25,515.5186909090909,883.6609090909091,816.0,785.25,1704.0,258.75,1358.8980108499097,39.405515370705245,1317.9708246501934,33.09824352485859,1012.3052884615383,26.87830528846154,998.9999999999999,27.0), 1.6850204345141415
frame_3, 
(747.0,805.5,1779.0,760.5,1704.0,258.75,1569.0,132.75,1353.9441692931111,35.53298063935165,1342.6996197718634,33.57889733840304,1029.308108108108,26.23378378378378,998.9999999999999,27.0,798.0,51.75,504.0,294.75,366.0,409.5,277.549939429383,586.9143656794352,333.20596070298393,725.1567411009602,747.0,805.5), 1.7040228519147336
frame_4, 
(513.0,756.0,747.0,805.5,1098.0,866.25,1704.0,258.75,1503.0,128.25,1352.472727272727,35.27727272727273,1342.8465804066543,33.60443622920517,1131.4897959183675,29.30357142857143,798.0,51.75,417.0,132.75,145.32067780818727,258.4739416525942,311.20378892009796,670.506185382179,513.0,756.0), 1.6866812508042723
frame_5, 
(451.2573821066549,802.5391692375497,813.0,785.25,972.0,742.5,1794.0,461.25,1704.0,258.75,1599.0,119.25,1356.4717348927875,35.9722222222222,1338.4263959390864,32.83629441624367,1293.0,29.25,1162.667959282598,27.20504120213282,798.0,51.75,417.0,132.75,289.3767214571302,512.4292536650378,342.0,747.0,451.2573821066549,802.5391692375497), 1.6914991992779589
frame_6, 
(590.7459283387622,858.935667752443,1794.0,461.25,1731.0,234.0,1569.0,132.75,1350.0,33.75,1293.0,29.25,1056.6738382099827,25.541953528399315,998.9999999999999,27.0,798.0,51.75,417.0,135.0,289.4649566129494,512.8225660341375,342.0,747.0,590.7459283387622,858.935667752443), 1.68782967435377
frame_7, 
(798.0,51.75,414.0,135.0,366.0,409.5,348.0,531.0,509.16827679173224,869.885082004044,852.0,931.5,1794.0,461.25,1704.0,258.75,1545.0,92.25,1350.0,33.75,1293.0,29.25,1162.667959282598,27.20504120213282,798.0,51.75), 1.6947155294430432
frame_8, 
(852.0,931.5,1098.0,866.25,1794.0,461.25,1791.0,207.0,1545.0,92.25,1358.695652173913,36.35869565217391,1338.4263959390862,32.83629441624366,1293.0,29.25,1128.0,24.75,1101.040293040293,24.42032967032967,998.9999999999999,27.0,798.0,51.75,417.0,135.0,270.42711186792036,569.222181091286,315.33276517634715,680.7620296315721,852.0,931.5), 1.6971581338116648
frame_9, 
(498.5602512426123,804.3173298053858,1779.0,760.5,1794.0,461.25,1791.0,207.0,1545.0,92.25,1350.0,33.75,1293.0,29.25,1128.0,24.75,1096.0361173814897,24.546839729119636,998.9999999999999,27.0,795.0,51.75,417.0,132.75,348.0,531.0,486.4071305347901,797.4337262794709,498.5602512426123,804.3173298053858), 1.6885866418885678
