frame_0, (1833.0,751.5,1860.0,625.5,1881.0,366.75,1869.0,288.0,992.5048171530545,174.32729684121998,77.56307825580652,679.1937969083949,81.39249424803718,729.891934718579,873.0,1021.5,1832.3502707205332,753.3179925031236,1833.0,751.5), 1.7047500714325488
frame_1, (873.0,1021.5,989.6666666666669,1020.7256637168142,1890.1683670289026,987.8533671327945,1891.0229508196721,851.3336065573775,1886.099471830986,511.61355633802816,1819.4462594198628,280.89089799183256,947.1517016654598,155.7493664011586,503.90911294231705,234.7803562772661,170.3033120793482,564.2573724760892,444.0,796.5,873.0,1021.5), 1.7288791335621025
frame_2, (48.651677916151726,458.4406550052286,873.0,1021.5,1888.98013798871,987.8830101400794,1884.3095499451154,864.8422063666302,1872.0,690.75,1811.4141584576066,324.6384146795364,1386.0,236.25,719.7575814351865,195.91693878643505,63.0,312.75,48.651677916151726,458.4406550052286), 1.6850204345141415
frame_3, (1759.1405453336288,992.1791731323432,1833.0,744.75,1850.004956157072,669.6447769729317,1803.1416490486258,322.91963316381924,1386.0,236.25,585.0,351.0,299.1297448267107,691.9002792941475,369.0,756.0,444.0,796.5,873.0,1021.5,1759.1405453336288,992.1791731323432), 1.7040228519147336
frame_4, (391.0391233627258,768.0946408697886,1680.0,976.5,1729.6586785347483,979.1228175282438,1755.0,969.75,1836.0,753.75,1860.0,625.5,1860.0,330.75,1383.0,261.0,585.0,351.0,270.06293706293707,665.2340784215784,369.0,756.0,391.0391233627258,768.0946408697886), 1.6866812508042723
frame_5, (1680.0,976.5,1864.2279069767442,572.9531561461794,1868.1145631067961,524.647572815534,1863.0,306.0,1854.2705310922222,288.3905540998274,681.0,319.5,585.0,351.0,549.0,387.0,282.0,708.75,253.96598199788767,748.0435826095181,1512.0,963.0,1680.0,976.5), 1.6914991992779589
frame_6, (1685.6029530201342,939.6138926174497,1761.0,443.25,1769.6245218244235,329.59112309955856,585.0,351.0,358.14814814814815,566.0555555555557,436.1339192062367,775.3857831325302,1660.1318040013036,973.2876150491238,1685.6029530201342,939.6138926174497), 1.68782967435377
frame_7, (552.0,387.0,308.8613251155624,679.9957627118645,687.0,771.75,1512.0,963.0,1680.0,976.5,1788.2604220812973,982.2179800395053,1836.0,753.75,1851.2283082888996,672.3737275811925,1805.7331482190732,328.8852690540023,585.0,351.0,552.0,387.0), 1.6947155294430432
frame_8, (1580.4511873350923,998.0916886543534,1755.0,969.75,1836.0,753.75,1860.0,625.5,1878.3855046687415,396.9944419742108,1873.7227722772275,352.80445544554453,1860.0,330.75,1386.0,236.25,918.3628288349846,207.94012640929276,591.0,310.5,302.5486921826511,416.8149105955372,419.4755063927597,730.6710961068811,873.0,1021.5,1580.4511873350923,998.0916886543534), 1.6971581338116648
frame_9, (1696.428207982191,993.8205994593735,1755.0,969.75,1836.0,753.75,1860.0,625.5,1878.4758713136728,397.85087131367294,1873.9121706398998,354.5994353826851,1860.0,330.75,1386.0,236.25,984.6608464869395,293.74521581226423,927.0,351.0,567.0,861.75,873.0,1019.25,1696.428207982191,993.8205994593735), 1.6885866418885678
frame_10, (1874.6953125,362.02148437500006,1830.0,328.5,1386.0,236.25,1000.1895443925233,194.62543808411215,996.0000000000001,195.75,591.0,308.25,95.73687319118777,492.9123944244286,95.76101843722564,496.4074187884109,155.113095942269,542.421950786703,687.0,771.75,1512.0,963.0,1680.0,976.5,1788.2604220812973,982.2179800395053,1836.0,753.75,1860.0,625.5,1878.4758713136732,397.8508713136722,1874.6953125,362.02148437500006), 1.686571377331132
frame_11, (687.0,771.75,1512.0,963.0,1680.0,976.5,1705.2236842105262,977.8322368421053,1755.0,969.75,1827.0,798.75,1860.0,625.5,1860.0,330.75,1386.0,236.25,576.0,452.25,558.0,461.25,366.0572987721692,633.3725309923482,687.0,771.75), 1.6981764752800432
frame_12, (1680.0,976.5,1790.5100894528812,982.3368004992718,1836.0,753.75,1860.0,625.5,1860.0,330.75,991.6810056613026,246.6495676013017,732.0,434.25,543.0,605.25,561.273903666427,800.5523454349388,1512.0,963.0,1680.0,976.5), 1.715123644336781
frame_13, (591.0,308.25,66.0,504.0,144.0,940.5,1789.9866568205546,984.9670494767131,1836.0,753.75,1869.0,382.5,1860.0,330.75,979.3444943381492,172.8763910581804,591.0,308.25), 1.68439246792999
frame_14, (92.7090970096045,494.0413224007046,567.0,861.75,724.385288522511,942.7571337983513,1691.8411318368635,980.0051770471072,1755.0,969.75,1833.0,744.75,1860.0,625.5,1863.3119266055046,536.0779816513761,1817.2756767927258,322.2321760694358,1386.0,236.25,997.620413027624,182.76188210391504,591.0,308.25,92.7090970096045,494.0413224007046), 1.6915981176789439
