frame_0, 
(1455.0,297.0,849.0,231.75,420.0,220.5,45.36025312641254,443.4998493295164,48.0,468.0,122.99999999999999,832.5,255.0,920.25,789.0,1001.25,1200.182516243355,1045.0645304193738,1368.0,1048.5,1432.649122807016,1033.6644736842109,1687.7251284317517,963.3649118930564,1830.0,720.0,1863.0,650.25,1747.6445655997186,494.18088287020754,1512.0,333.0,1455.0,297.0), 1.7568059779012004
frame_1, 
(1797.0,630.0,1635.0,438.75,1512.0,333.0,1455.0,297.0,1257.0,175.5,528.0,236.25,40.988646398385264,345.60883688659015,39.50346878097126,425.2514866204163,84.0,697.5,122.99999999999999,832.5,255.0,920.25,459.0,996.75,800.0415879017013,1039.9806238185256,1368.0,1048.5,1671.106537762037,978.9438355508757,1797.0,630.0), 1.7203173456040957
frame_10, 
(1595.1869158878503,136.80841121495328,1493.1692307692308,104.92788461538461,252.0,137.25,48.202689007499494,438.5155901628268,104.022009569378,884.2492822966507,162.0,974.25,1368.0,1048.5,1690.149784684516,961.767365661861,1863.0,650.25,1701.0,211.5,1595.1869158878503,136.80841121495328), 1.5583825354911318
frame_11, 
(1695.0,418.5,1257.0,175.5,252.0,137.25,45.0,445.5,33.0,654.75,51.354459031235855,785.9303983703032,122.99999999999999,832.5,789.0,1001.25,1368.0,1048.5,1702.1292875989445,940.1774406332453,1863.0,650.25,1695.0,418.5), 1.6799371010488633
frame_12, 
(255.0,920.25,385.9548957388939,1003.9156278331823,1368.0,1048.5,1699.1919701946174,941.1296999852933,1830.1928877599619,708.5067471027146,1831.6181080582703,606.9598008482391,1695.0,418.5,1512.0,333.0,1272.0,258.75,849.0,231.75,642.0,252.0,52.005039959680325,444.4858557131543,73.48640483383686,597.3104229607251,122.99999999999999,832.5,255.0,920.25), 1.7159403972805503
frame_13, 
(849.0,231.75,756.0,231.75,561.0,243.0,45.0,443.25,87.0,699.75,122.99999999999999,832.5,255.0,920.25,1086.0,1028.25,1368.0,1048.5,1835.447009634612,922.6488820214506,1863.0,650.25,1847.6589425981872,426.526246223565,1272.0,258.75,849.0,231.75), 1.696214407961358
frame_14, 
(1422.0,285.75,1272.0,258.75,849.0,231.75,756.0,231.75,561.0,243.0,84.0,297.0,42.0,452.25,69.0,724.5,122.99999999999999,832.5,255.0,920.25,743.3589211618257,1020.1415975103735,1368.0,1048.5,1664.7723936687594,1002.2497568308426,1863.0,650.25,1861.7055507372072,472.58683868169993,1851.0,427.5,1422.0,285.75), 1.70292004854229
frame_2, 
(1815.0,328.5,1459.6531712035376,209.87988807516925,1028.1927115503397,179.03551575046325,612.0,216.0,45.0,443.25,33.0,654.75,122.99999999999999,832.5,255.0,920.25,417.0,1023.75,1368.0,1048.5,1678.904822740339,977.1543037368252,1863.0,650.25,1815.0,328.5), 1.7099981572171044
frame_3, 
(621.5110145826869,149.96253490536768,252.0,137.25,53.154456567946724,431.19558594303527,54.540028199906004,482.28853987153377,255.0,920.25,417.0,1023.75,606.2289114455722,1031.1465698284915,1368.0,1048.5,1658.7838616714698,981.771613832853,1666.6048123195378,979.1558229066409,1815.0,328.5,1629.324026451139,222.00936811168262,621.5110145826869,149.96253490536768), 1.710455615384992
frame_4, 
(1845.0,470.25,1815.0,328.5,1355.135386867141,202.40808994744194,334.92979127134726,129.4753320683112,252.0,137.25,47.63676953381484,439.3521667760998,84.0,1019.25,1368.0,1048.5,1432.6491228070156,1033.664473684211,1686.4764815306935,963.7090419877757,1863.0,650.25,1845.0,470.25), 1.702944247843662
frame_5, 
(1862.3846671149968,634.8359112306657,1818.0,423.0,1455.0,297.0,1422.0,285.75,1272.0,263.25,1185.0,252.0,252.0,137.25,54.90972129617282,428.6008467795706,122.99999999999999,832.5,125.09148264984228,834.6683753943216,255.0,920.25,417.0,1023.75,1368.0,1048.5,1703.5388349514565,958.1626213592233,1808.2404175755687,830.4266905578062,1863.0,650.25,1862.3846671149968,634.8359112306657), 1.7069729716310584
frame_6, 
(1845.0,470.25,1818.0,423.0,1257.0,175.5,252.0,137.25,48.202689007499494,438.5155901628268,95.36015949222883,815.0818618276508,255.0,920.25,417.0,1023.75,1368.0,1048.5,1690.1497846845161,961.767365661861,1863.0,650.25,1845.0,470.25), 1.6939332184740843
frame_7, 
(252.0,137.25,45.0,443.25,42.61179361179361,485.34213759213753,84.0,1019.25,1368.0,1048.5,1690.1497846845161,961.767365661861,1863.0,650.25,1860.0,582.75,1818.0,423.0,1585.378296146044,147.7309837728192,1544.3254437869823,120.91420118343203,1493.1692307692308,104.92788461538461,252.0,137.25), 1.6899623351862207
frame_8, 
(1656.0,405.0,1257.0,175.5,252.0,137.25,45.47464968152866,442.5483439490446,48.0,465.75,86.76065461984315,760.9272928741902,122.99999999999999,832.5,255.0,920.25,459.0,999.0,1368.0,1048.5,1690.1497846845161,961.767365661861,1863.0,650.25,1656.0,405.0), 1.69527995353475
frame_9, 
(459.0,999.0,1368.0,1048.5,1690.1497846845161,961.7673656618609,1863.0,650.25,1836.0,387.0,1701.0,211.5,1591.018411967779,133.86593785960875,1500.6814106395698,104.7322549312612,252.0,137.25,57.888019846328774,424.1981445749922,71.32671163263421,730.4452554744524,122.99999999999999,832.5,255.0,920.25,280.4423076923077,936.5048076923077,459.0,999.0), 1.6794104151134381
