frame_0, 
(61.521920668058456,459.59890396659705,70.14655575287411,769.0076876343584,147.0,1019.25,1044.0,1059.75,1663.8886198547216,983.6727602905569,1786.608011221945,940.9664120947632,1818.0,877.5,1435.9229460196702,145.41805350484248,1411.9205709217,139.50907184904446,251.90805775500706,33.36413600372613,168.0,29.25,61.521920668058456,459.59890396659705), 1.7568059779012004
frame_1, 
(168.0,29.25,183.0,1003.5,518.9749403341289,1025.4495823389022,1356.908328968046,1039.415138816134,1806.8815683104285,881.4043047696039,1818.188032166509,875.5538670766321,1858.6508875739646,456.76331360946733,1821.0,346.5,1766.644599303136,282.21428571428567,1634.777777777778,222.58333333333334,1281.0,173.25,168.0,29.25), 1.7203173456040957
frame_10, 
(1827.0,573.75,1281.0,173.25,660.0,51.75,168.0,29.25,99.05805663067835,128.35404359339987,189.0,787.5,199.87664259500414,819.5472505031371,923.6350986084693,1025.4991052657924,1383.48,1038.5325,1509.445855115758,1030.659634055265,1754.7928483353885,812.0336004932183,1827.0,573.75), 1.5583825354911318
frame_11, 
(767.7757171117705,106.60960682492582,599.9092585761712,84.95804131316856,261.0,272.25,129.0,598.5,144.37815396153638,969.4979643220657,1185.267732088346,1041.93100197522,1598.5178084455831,989.8051400710685,1818.0,877.5,1575.0,517.5,767.7757171117705,106.60960682492582), 1.6799371010488633
frame_12, 
(1281.0,173.25,585.0,283.5,189.0,785.25,142.5346892655367,898.2737288135594,156.0,978.75,776.0689655172414,1035.310344827586,1119.0,1028.25,1326.0,990.0,1818.0,877.5,1848.0,641.25,1281.0,173.25), 1.7159403972805503
frame_13, 
(1779.0,697.5,1575.0,517.5,261.0,272.25,189.0,785.25,192.0,956.25,633.4260548064376,1009.8739397564159,1456.029762636822,902.7862809002582,1800.0,771.75,1779.0,697.5), 1.696214407961358
frame_14, 
(1575.0,517.5,264.0,272.25,136.60789844851905,393.0851551480959,78.0,1059.75,1099.0035587188613,1046.7985806505008,1781.948201952846,885.9889408192427,1821.4531633153508,760.9557381069152,1827.0,573.75,1575.0,517.5), 1.70292004854229
frame_2, 
(1858.6508875739646,456.7633136094676,1821.0,346.5,1787.6107016981737,307.01073373918615,1281.0,173.25,171.0,31.5,189.0,787.5,231.0,911.25,546.0,987.75,763.0282916213276,1019.1275843307943,1247.6358226718241,1034.0641178220767,1520.3933895009723,999.6594701879455,1818.0,877.5,1858.6508875739646,456.7633136094676), 1.7099981572171044
frame_3, 
(129.0,598.5,141.71052631578948,970.2828947368422,183.0,1001.25,1362.0998134328358,1037.5921175373135,1818.0,877.5,1869.925601750547,340.07002188183804,1869.0,328.5,1601.2310469314082,219.71886281588448,709.650056412185,101.23244170740881,195.0,90.0,157.90852064819654,176.54678515420807,129.0,598.5), 1.710455615384992
frame_4, 
(166.7295208655332,996.812596599691,183.0,1001.25,1070.9517857142857,1053.403794642857,1632.2386408534178,921.2403200316081,1800.0,771.75,1830.0,720.0,1834.861313868613,702.9854014598541,1869.925601750547,340.07002188183793,1869.0,328.5,1767.7953534765804,280.5232689830015,402.0,578.25,166.7295208655332,996.812596599691), 1.702944247843662
frame_5, 
(142.3905882352941,990.1747058823529,183.0,1001.25,1204.226466239527,1032.7261582060128,1577.842718733094,969.7119338021935,1800.0,771.75,1831.8674762407602,733.971620908131,1858.1511879049676,461.93520518358554,1836.0,402.75,1795.6402877697842,298.6976169064748,1581.0,211.5,1258.5998231262436,169.91653769621934,129.0,598.5,142.3905882352941,990.1747058823529), 1.7069729716310584
frame_6, 
(1366.5478135511773,116.66734742912062,525.0,159.75,129.0,598.5,981.7784008156132,1028.3841938537723,1133.5015974440894,1038.675495950665,1811.4432989690722,879.0438743706545,1817.2165390177279,876.0565582989664,1416.4628233856183,137.7113974332858,1366.5478135511773,116.66734742912062), 1.6939332184740843
frame_7, 
(129.0,598.5,981.7784008156132,1028.3841938537723,1212.0,1044.0,1308.144578313253,1043.2409638554218,1520.341463414634,1029.9786585365853,1671.0,954.0,1818.0157699443414,876.9677643784786,1827.0,573.75,1281.0,173.25,762.6340819022457,71.83058124174373,639.6053384175406,63.020734032411816,261.0,272.25,129.0,598.5), 1.6899623351862207
frame_8, 
(993.1774315534715,1026.2212222054152,1204.226466239527,1032.7261582060128,1671.0,954.0,1818.0,877.5,1827.0,573.75,1281.0,173.25,1274.3364485981308,171.946261682243,168.0,29.25,153.0,342.0,152.07315340909088,372.5859375,396.0,632.25,993.1774315534715,1026.2212222054152), 1.69527995353475
frame_9, 
(1430.687064181016,143.7083036857834,1362.0,114.75,168.0,29.25,153.0,342.0,175.62661833247023,622.0044018643189,973.605401572011,1024.2641983334318,1395.6618309154578,1036.550087543772,1508.7836871978138,1029.087187302922,1800.0,771.75,1822.271662763466,733.3313817330211,1827.0,573.75,1430.687064181016,143.7083036857834), 1.6794104151134381
