frame_0, 
(930.1606864274571,943.7492199687988,1775.9933158965418,752.7159982563207,1806.1051502145924,517.5321888412017,1779.0,441.0,1299.0,27.0,893.5962314939434,21.34320323014805,690.0,22.5,147.0,623.25,379.8429926238145,871.9686512118019,930.1606864274571,943.7492199687988), 1.7568059779012004
frame_1, 
(750.0,56.25,348.0,605.25,373.27331620685806,693.509158941137,1122.5833333333333,840.6249999999999,1795.960214985554,741.516294036573,1800.7660952070694,479.83611597507837,1689.0,132.75,1360.7602225985968,27.544943140575853,1299.0,27.0,1038.0,24.75,769.2529488859765,39.58879423328965,750.0,56.25), 1.7203173456040957
frame_10, 
(614.0255257241106,104.68883084248115,349.93759084032865,677.3911547474269,1881.0,729.0,1758.0,508.5,1593.0,234.0,1343.1058224290857,22.3249319399315,1297.496149238405,22.038678760910493,819.0,69.75,614.0255257241106,104.68883084248115), 1.5583825354911318
frame_11, 
(1758.0,508.5,1503.0,83.25,903.0314179412981,32.20225299710624,637.5262278722665,46.86204876778896,279.0,675.0,1753.4484103533862,724.700508214159,1758.0,508.5), 1.6799371010488633
frame_12, 
(1334.2716567358882,862.36455946127,1766.8322723164977,756.8491665829903,1779.0,438.75,1299.0,27.0,1038.0,24.75,912.0,38.25,873.0,47.25,846.0,56.25,279.0,675.0,1334.2716567358882,862.36455946127), 1.7159403972805503
frame_13, 
(146.88170347003157,621.8304416403785,279.0,675.0,1123.844079998093,840.4394412528902,1526.0185583342766,781.2467466334729,1584.0,711.0,1602.0,276.75,1593.0,231.75,1503.6444906444906,84.31340956340956,1498.6551382583575,82.91607511349567,865.6490212975501,34.26631170749723,620.8549024775962,47.78255139694254,135.39522471910112,483.99269662921347,146.88170347003157,621.8304416403785), 1.696214407961358
frame_14, 
(279.0,675.0,1495.2387709803725,785.7769658577948,1849.7774676424124,733.5953831549268,1776.9941732031375,189.60300144069151,1503.0,83.25,865.6490212975501,34.26631170749723,620.8549024775962,47.78255139694254,135.35006485815805,484.0332750549885,146.8811912556764,621.8302355053332,279.0,675.0), 1.70292004854229
frame_2, 
(735.0,684.0,1697.0505852428512,368.45276765363315,1299.0,27.0,1042.0211081794193,23.414248021108182,846.0,27.0,813.0,29.25,183.68860674908117,278.04752756431674,92.64423885618167,458.0670731707317,167.8607142857143,630.2732142857143,279.0,675.0,735.0,684.0), 1.7099981572171044
frame_3, 
(105.9002375296912,435.22868830826076,261.5979557069847,667.9102782509938,279.0,675.0,1356.3514927670053,866.2848568790397,1751.1437785910339,834.170516925892,1758.0,508.5,1727.4144349289638,394.4992574625019,1299.0,27.0,654.0,18.0,195.67744561530458,254.42736646917825,105.9002375296912,435.22868830826076), 1.710455615384992
frame_4, 
(1548.519218126835,241.04070429942587,1350.9510488027317,71.56425905109333,654.0,18.0,432.0,126.0,198.0,249.75,93.54068286054016,460.1194581280788,167.56732263076125,629.6015018125323,279.0,675.0,1171.380146422105,833.4430055892309,1697.0934007577318,756.067672748601,1548.519218126835,241.04070429942587), 1.702944247843662
frame_5, 
(832.3545946854625,883.3413383604903,1752.9611586279868,747.84496517062,1758.0,508.5,1737.8749552131853,403.47242251881045,1299.0,27.0,654.0,18.0,279.0,675.0,832.3545946854625,883.3413383604903), 1.7069729716310584
frame_6, 
(1110.0,639.0,1758.0,508.5,1745.3236289776573,409.8619879823967,1301.8486646884273,29.44362017804155,1292.0235988200589,26.902654867256636,654.0,18.0,279.0,675.0,1110.0,639.0), 1.6939332184740843
frame_7, 
(1038.0,24.75,637.5262278722665,46.86204876778896,279.0,675.0,676.6087570448043,824.7020922608451,1325.3331043218757,773.1538286063937,1758.0,508.5,1741.7528202389694,406.7989036112409,1299.0,27.0,1038.0,24.75), 1.6899623351862207
frame_8, 
(810.6609830339926,873.5402412107836,1228.4403507457093,817.1226673161957,1779.0,438.75,1380.0703650826024,31.75377320008158,1351.3882057716437,22.376913425345045,654.0,18.0,281.6524662722901,670.3528790909477,810.6609830339926,873.5402412107836), 1.69527995353475
frame_9, 
(1758.0,508.5,1503.0,83.25,1349.7425167990225,22.643631643249844,1263.473553032401,23.226530047078374,625.4788732394367,67.96901408450704,279.0,675.0,1758.0,508.5), 1.6794104151134381
