frame_0, 
(1083.0,60.75,549.0,60.75,234.0,164.25,102.0,330.75,93.56666666666666,441.43750000000006,119.88389977673035,642.6125031009676,120.34255250403879,643.5789499192246,1707.3973305954826,1009.3560061601642,1786.872437357631,830.5370159453303,1508.686492201956,218.71590007930217,1221.0,105.75,1083.0,60.75), 1.7568059779012004
frame_1, 
(84.0,567.0,204.63829787234042,784.1489361702128,273.0,897.75,1695.0588805560637,1030.5724140296322,1754.5523039611965,769.4137833468067,1698.0,650.25,1363.07660559694,72.72183913831286,1185.147557328016,50.59247258225324,456.0,110.25,234.0,164.25,94.0885860306644,434.58730834752976,84.0,567.0), 1.7203173456040957
frame_10, 
(234.0,164.25,102.0,330.75,80.58892128279884,524.7879008746355,84.0,567.0,273.0,897.75,1675.3365384615386,852.0216346153846,1794.0,330.75,1692.0,229.5,1147.740049130235,32.72909468554653,608.7589145391681,39.807154332413646,234.0,164.25), 1.5583825354911318
frame_11, 
(234.0,164.25,127.30995475113122,298.8249434389141,122.99999999999999,317.25,84.0,567.0,273.0,897.75,1302.6278452002707,995.1730428668159,1605.0,985.5,1692.0,956.25,1854.0,760.5,1794.0,330.75,1759.0473525613431,231.1349547998278,1446.0,81.0,1308.0,51.75,1167.0,36.0,1075.9754816112086,26.247373029772334,661.1363830696879,34.67379221889696,579.0,54.0,234.0,164.25), 1.6799371010488633
frame_12, 
(1536.0,742.5,1710.0,684.0,1826.7784467647284,170.75872646901914,1826.7928236923683,169.7523415341996,1816.3189633895515,153.893336075689,1083.0,60.75,579.0,54.0,234.0,164.25,142.22142857142856,248.04782608695652,84.0,567.0,270.7888748419722,903.2199747155499,1536.0,742.5), 1.7159403972805503
frame_13, 
(1812.0,436.5,1794.0,330.75,1692.0,229.5,1308.0,51.75,579.0,54.0,234.0,164.25,273.0,897.75,1698.3872673304063,1030.88329030363,1818.0,785.25,1812.0,436.5), 1.696214407961358
frame_14, 
(579.0,54.0,234.0,164.25,224.60184331797237,176.1044930875576,117.0,643.5,159.0,729.0,1722.0,850.5,1710.0,684.0,1465.0143316759286,124.4304621234279,1308.0,51.75,1104.0,38.25,579.0,54.0), 1.70292004854229
frame_2, 
(579.0,54.0,234.0,164.25,122.99999999999999,317.25,84.0,567.0,120.0,643.5,273.0,897.75,1137.28837330383,963.0840519345286,1224.0,956.25,1722.0,850.5,1747.023714197721,762.1350092392977,1725.0,636.75,1324.316419510452,74.63994103984278,1104.0,40.5,579.0,54.0), 1.7099981572171044
frame_3, 
(579.0,54.0,234.0,164.25,84.0,567.0,210.0,832.5,273.0,897.75,1694.6725744480848,1032.268184224216,1794.0,596.25,1796.0903848732733,577.6978342496982,1717.176099093877,180.1818424504988,1083.0,60.75,579.0,54.0), 1.710455615384992
frame_4, 
(209.05819000160747,834.2233965600385,273.0,897.75,414.0,996.75,1692.1878752765197,1043.6082113135994,1790.510035144791,838.5705364663511,1482.9782608695652,162.31444099378885,1132.3172804532578,49.60198300283286,456.0,110.25,234.0,164.25,84.0,567.0,209.05819000160747,834.2233965600385), 1.702944247843662
frame_5, 
(1080.0,60.75,579.0,54.0,234.0,164.25,129.03740648379053,260.0854114713217,158.65259274441485,723.5630764500922,166.63151658767774,740.2966528436018,273.0,897.75,414.0,996.75,757.1120206154313,1009.3284447476126,1524.0,978.75,1560.0,956.25,1671.0,884.25,1779.0278422273782,811.6687935034803,1524.9013599274706,248.96015412511332,1221.0,105.75,1080.0,60.75), 1.7069729716310584
frame_6, 
(579.0,54.0,234.0,164.25,99.48736462093864,287.0658844765343,84.0,567.0,117.0,643.5,273.0,897.75,1246.147777574059,989.8289177296421,1524.0,978.75,1560.0,956.25,1623.0,915.75,1794.0,596.25,1794.0,559.840909090909,1707.1968152866243,115.96098726114649,1080.0,60.75,579.0,54.0), 1.6939332184740843
frame_7, 
(1104.0,40.5,579.0,54.0,234.0,164.25,122.90683229813664,304.37888198757764,84.0,567.0,273.0,897.75,1244.8768803396406,989.879592745951,1524.0,978.75,1560.0,956.25,1608.0,924.75,1800.0,794.25,1807.369337979094,637.2831010452961,1737.539393939394,274.70454545454544,1692.0,229.5,1104.0,40.5), 1.6899623351862207
frame_8, 
(273.0,897.75,1722.0,850.5,1707.0,684.0,1446.3839721254355,72.90034843205575,1390.212765957447,63.81382978723404,1308.0,51.75,1167.0,36.0,1071.2727272727273,25.743506493506494,898.8160121501411,24.831037101323496,627.0,33.75,549.0,58.5,234.0,164.25,125.25378450578808,301.4185218165628,85.11655472145397,483.7562228368233,62.98922976501305,684.2851052545692,273.0,897.75), 1.69527995353475
frame_9, 
(234.0,164.25,125.76,300.78000000000003,84.0,567.0,117.0,643.5,1722.0,850.5,1699.332543978349,236.77862821380242,1692.0,229.5,1125.257376214613,24.60074370836008,947.2643379749823,23.241326410195892,627.0,33.75,234.0,164.25), 1.6794104151134381
