frame_0, 
(1097.8218713297663,69.18126060289704,279.0,40.5,45.0,90.0,38.73803994426381,216.1337668369717,45.0,571.5,54.0,924.75,898.9240422721269,1019.8845772787319,1485.0,996.75,1788.0,972.0,1836.0,585.0,1848.3428571428572,432.25714285714287,1749.0,357.75,1459.3032786885244,143.9262295081967,1371.0,99.0,1097.8218713297663,69.18126060289704), 1.723707354280435
frame_1, 
(1371.0,78.75,126.0,22.5,51.0,128.25,36.0,535.5,35.77874186550976,550.1030368763556,114.0,796.5,647.9880970547841,990.1023195482985,813.0,1005.75,1485.0,996.75,1788.0,972.0,1831.6511007338227,420.1253692938149,1371.0,78.75), 1.7338203993119787
frame_10, 
(252.60929432013768,954.2129948364889,438.0,978.75,813.0,1005.75,1166.9561929595827,1031.1131029986964,1331.65,1033.1183035714284,1788.0,972.0,1833.6094670806667,421.5766586401369,1371.0,78.75,45.0,90.0,37.31448763250883,470.4328621908127,37.04588394062078,540.7398785425102,99.91752577319588,855.7268041237113,252.60929432013768,954.2129948364889), 1.6766076618694539
frame_11, 
(1836.798076923077,479.1394230769231,1827.0,425.25,1371.0,78.75,42.0,90.0,36.0,535.5,45.0,571.5,117.0,796.5,229.383429672447,905.0346820809249,510.0,972.0,703.3220760385373,1016.0480679581477,1350.9415527128365,1030.237483458315,1788.0,972.0,1836.798076923077,479.1394230769231), 1.6783251257152072
frame_12, 
(126.0,20.25,48.0,571.5,48.0,576.2647058823529,87.0,708.75,224.12569175428894,873.5486476203654,506.99999999999994,972.0,747.0,1026.0,1485.0,996.75,1686.0,909.0,1764.0,866.25,1797.0,814.5,1812.0,733.5,1838.6312464101093,462.9507466973004,1827.0,351.0,1713.0,272.25,1371.0,78.75,126.0,20.25), 1.7046004212829582
frame_13, 
(1845.0,524.25,1827.0,425.25,1713.0,272.25,1371.0,78.75,45.0,90.0,48.0,571.5,91.89353176874643,714.6310818546079,255.68504140786746,911.476902173913,506.99999999999994,972.0,653.1968306922436,1004.8942869057548,1485.0,996.75,1788.0,972.0,1845.0,524.25), 1.6806034988798793
frame_14, 
(45.0,90.0,39.32550394390885,546.7969325153374,87.0,708.75,255.68504140786746,911.476902173913,506.99999999999994,972.0,884.4801444043319,1004.7926766374419,1485.0,996.75,1788.0,972.0,1812.0,733.5,1851.0,175.5,1602.4110490792434,67.05941171569036,45.0,90.0), 1.6972556547820172
frame_2, 
(1845.0,524.25,1827.0,425.25,1371.0,78.75,126.0,22.5,63.0,213.75,45.0,571.5,114.0,796.5,152.01458128078818,849.8030541871921,510.0,972.0,747.0,1026.0,1390.1605839416056,1015.5136861313869,1532.2802101576183,999.9693520140105,1792.7839037927845,958.4925069380204,1851.6613013231483,792.2504433228758,1852.116698551517,643.6770975676403,1845.0,524.25), 1.5760126763257143
frame_3, 
(114.0,796.5,637.109709962169,986.1582597730139,813.0,1005.75,1788.0,972.0,1821.0,771.75,1845.0,524.25,1836.0,382.5,1740.0,240.75,1371.0,78.75,126.0,22.5,45.0,571.5,114.0,796.5), 1.6913211753064037
frame_4, 
(45.0,571.5,114.0,796.5,348.59586206896563,900.4686206896553,519.0,949.5,813.0,1005.75,1485.0,996.75,1788.0,972.0,1836.0,585.0,1839.3767228177644,493.3219754977029,1827.0,425.25,1705.7780192486805,147.79796647004036,1371.0,78.75,887.8634457975644,56.921541225793575,112.53692061250152,87.24157293694128,37.15501905972046,449.7398348157561,36.0,535.5,45.0,571.5), 1.679280644150029
frame_5, 
(1332.7837370242214,987.7574860260846,1791.0,501.75,1827.0,425.25,1725.0,270.0,1494.929983060418,145.7036984754376,126.0,22.5,40.834083239595046,507.94572553430817,41.016536964980546,555.5661478599222,45.0,571.5,87.0,711.0,477.4925274725275,951.9421978021978,813.0,1005.75,1332.7837370242214,987.7574860260846), 1.6855899338110298
frame_6, 
(1081.3451595961953,81.20193149326019,42.0,90.0,36.0,535.5,45.0,571.5,117.0,796.5,336.0,929.25,1081.087638376384,989.5267527675277,1788.0,972.0,1836.0,585.0,1839.3767228177644,493.3219754977029,1827.0,425.25,1404.9875776397516,104.57608695652175,1371.0,99.0,1081.3451595961953,81.20193149326019), 1.681820533003035
frame_7, 
(1788.0,972.0,1845.0,524.25,1827.0,425.25,1371.0,78.75,1350.0,74.25,126.0,22.5,45.0,90.0,40.46823529411764,314.32235294117646,45.0,571.5,89.18349092767698,713.7968310759007,250.59418425115797,920.5476067936181,510.0,972.0,813.0,1005.75,1356.0,1019.25,1788.0,972.0), 1.683325052434544
frame_8, 
(1788.0,972.0,1845.0,524.25,1827.0,425.25,1371.0,78.75,126.0,22.5,45.0,90.0,38.248337028824835,225.99778270509978,37.04985888993415,539.6994355597366,45.0,571.5,117.0,796.5,510.0,972.0,946.1489210339105,1023.7926843727768,1356.0,1019.25,1788.0,972.0), 1.6689017878316672
frame_9, 
(70.01388888888889,824.6180555555557,714.3573769645669,1016.2898526413586,1019.6248112732762,1022.9782964267741,1356.0,1019.25,1788.0,972.0,1822.6181309065453,486.68043402170105,1782.0,418.5,1750.8182089998504,367.36186275975484,1371.0,78.75,45.0,90.0,36.0,535.5,70.01388888888889,824.6180555555557), 1.6736031972522019
