frame_0, 
(942.0,144.0,70.69719287010354,554.63088376561,78.0,645.75,92.42224115892628,789.9724115892628,249.00000000000003,920.25,402.0,983.25,768.9747965641952,978.681849005425,1503.0,708.75,1527.0,697.5,1575.0,654.75,1839.589282196099,370.19171537400666,1839.0,328.5,1299.7048564854063,71.49215816882645,1164.5641573579408,81.59883438562409,942.0,144.0), 1.723707354280435
frame_1, 
(1800.7998298686798,310.1849114785475,1372.4049852242067,87.28571887447,1176.0,83.25,945.0,117.0,375.0,364.5,54.0,562.5,42.0,699.75,38.60377358490566,748.995283018868,39.0,753.75,141.52525252525254,835.0378787878789,288.0,841.5,1642.8392308612915,847.5364124147285,1721.8795162474223,832.5228856214101,1722.1505198131688,831.5022977248756,1800.7998298686798,310.1849114785475), 1.7338203993119787
frame_10, 
(1798.6689800470936,291.0023237080183,1668.0,159.75,1518.2779922779923,120.69208494208495,1164.0,101.25,945.0,119.25,54.0,562.5,87.0,769.5,174.0,888.75,249.00000000000003,920.25,402.0,983.25,1707.2151390247311,858.0161380466677,1798.6689800470936,291.0023237080183), 1.6766076618694539
frame_11, 
(89.62888528273623,771.9463238047683,249.00000000000003,920.25,402.0,983.25,1107.2027725159292,856.0757921474083,1530.0,702.0,1572.0,654.75,1704.0,501.75,1767.1173107706381,303.1161102218157,1668.0,159.75,1518.2779922779923,120.69208494208495,1164.0,101.25,129.794701986755,207.11920529801324,45.0,234.0,78.0,643.5,89.62888528273623,771.9463238047683), 1.6783251257152072
frame_12, 
(249.00000000000003,920.25,1231.3666973321067,810.8279668813248,1530.0,702.0,1572.0,654.75,1823.9456066945609,314.6234309623431,1707.0,180.0,1668.0,159.75,1449.6707553260167,102.79454486765655,1055.2992322953505,117.32198309324592,942.0,144.0,222.0,371.25,70.58658346333854,561.1082293291732,87.0,769.5,249.00000000000003,920.25), 1.7046004212829582
frame_13, 
(1530.0,702.0,1572.0,654.75,1753.7252396166134,257.09241683894004,1737.0,247.5,1373.9542559351476,91.62709901563404,1178.1677155978907,92.38012417077735,54.0,562.5,45.127962085308056,663.9739336492892,54.0,679.5,184.6193834989318,840.764700396758,871.3137768045503,888.3864862338772,1530.0,702.0), 1.6806034988798793
frame_14, 
(456.0,846.0,1322.868493150685,777.4828767123287,1530.0,702.0,1572.0,654.75,1647.0,506.25,1759.0895725564933,251.24622243397766,1668.0,159.75,1383.391304347826,85.50425330812855,1199.429825225089,83.50467201331617,258.0,504.0,80.15384615384616,665.1730769230769,97.9173290937997,843.9181240063593,456.0,846.0), 1.6972556547820172
frame_2, 
(402.0,983.25,997.168326693227,896.1745517928287,1530.0,702.0,1572.0,654.75,1704.0,501.75,1770.8906730440724,292.22480355312604,1435.906103286385,105.59054325955735,1173.0,83.25,945.0,117.0,225.0,456.75,71.40265486725664,551.7378318584072,78.0,645.75,207.7739635595458,854.0713625561131,402.0,983.25), 1.5760126763257143
frame_3, 
(945.0,117.0,222.0,371.25,77.1819481964087,635.5429445415541,78.0,645.75,134.3609022556391,788.4135338345865,288.0,839.25,456.0,846.0,1720.216202181063,777.4095464774105,1795.8844694491693,308.2662894151511,1353.6392959371128,85.20403084547358,1220.9229997994787,83.76839783436937,945.0,117.0), 1.6913211753064037
frame_4, 
(98.68793167079666,771.510847788264,462.0,821.25,1064.1246156335978,833.3462534390678,1530.0,702.0,1838.8766800282954,370.78719641593966,1836.0,328.5,1412.3409230769232,114.81230769230768,1164.0,101.25,945.0,117.0,222.0,371.25,69.83823132919925,544.4698705850633,78.0,645.75,98.68793167079666,771.510847788264), 1.679280644150029
frame_5, 
(1668.0,159.75,1383.4777429467085,85.52680250783699,1285.5591035064465,84.46758645619953,1164.0,101.25,942.0,144.0,222.0,371.25,69.87910220870965,544.4233434677635,78.0,645.75,94.06710602484749,806.421060248475,1181.0327661282852,894.2809170501221,1722.0,832.5,1801.1239291833238,293.4682324386065,1668.0,159.75), 1.6855899338110298
frame_6, 
(456.0,837.0,989.0721732844909,899.1249525256362,1530.0,702.0,1572.0,654.75,1704.0,501.75,1778.4948630136985,262.30222602739724,1707.0,180.0,1430.058126004322,90.7056574499917,1237.6957621758381,91.07558507273878,1164.0,101.25,264.0,369.0,231.0,396.0,70.11308242184137,547.3427783997934,78.0,645.75,89.31181636111539,769.9228932367894,456.0,837.0), 1.681820533003035
frame_7, 
(1164.0,101.25,378.0,364.5,79.5098368156169,662.3238904987037,95.16054902776334,834.1260268274929,402.0,983.25,1000.0758988692668,969.6278808283572,1722.0,832.5,1801.1239291833238,293.4682324386065,1668.0,159.75,1558.4195250659632,121.76517150395777,1404.0,112.5,1164.0,101.25), 1.683325052434544
frame_8, 
(249.00000000000003,920.25,402.0,983.25,708.0,933.75,1560.0,708.75,1841.4772923501987,374.020246934899,1839.0,328.5,1668.0,159.75,1439.6446596384105,80.59321184944903,1235.004672897196,83.52862149532712,945.0,119.25,222.0,371.25,105.0,582.75,66.73198077949813,714.2963160704751,87.0,769.5,249.00000000000003,920.25), 1.6689017878316672
frame_9, 
(402.0,983.25,708.0,933.75,1503.0,708.75,1530.0,699.75,1572.0,654.75,1819.4504623513872,320.6918758256275,1817.2209258562289,309.6370907038013,1668.0,159.75,1517.8204144282427,120.57271680736763,1164.0,101.25,945.0,119.25,222.0,371.25,72.38805970149254,560.6026119402985,75.0,591.75,97.96822429906541,857.320093457944,249.00000000000003,920.25,402.0,983.25), 1.6736031972522019
