frame_0, 
(621.0,76.5,119.46540880503144,155.18463611859838,99.0,195.75,51.45390070921986,659.3244680851064,144.45496642741375,887.3559272979858,261.39333545194535,968.8833817587506,1173.0,1046.25,1680.0,942.75,1782.810697576985,916.2441170309337,1463.0845931909985,65.49465666474322,1363.0013838915029,34.84417381677276,1121.7571297148115,31.71113155473781,819.0,54.0,621.0,76.5), 1.723707354280435
frame_1, 
(539.857464155187,950.1645858358678,1749.0,951.75,1784.3465568862275,920.3308383233533,1452.0,36.0,513.0,90.0,108.0,198.0,63.44888888888889,356.71333333333337,150.0,891.0,539.857464155187,950.1645858358678), 1.7338203993119787
frame_10, 
(1845.0,400.5,1800.0,281.25,1452.0,33.75,577.569238065128,86.1320344609548,108.0,198.0,105.0,276.75,150.0,891.0,562.2322004184812,994.5511508228243,1070.6329501554699,1037.58507255253,1230.6645736183573,1031.6363751789095,1830.0,879.75,1845.0,400.5), 1.6766076618694539
frame_11, 
(1830.0,879.75,1800.0,281.25,1452.0,33.75,513.0,92.25,96.0,193.5,45.0,643.5,35.06482982171799,813.6397893030794,150.0,891.0,446.66197183098586,986.3556338028169,1173.0,1046.25,1830.0,879.75), 1.6783251257152072
frame_12, 
(105.0,276.75,61.6056338028169,652.2781690140845,66.0,713.25,87.0,846.0,150.0,891.0,369.0,897.75,1830.0,879.75,1800.0,281.25,1550.2636203866432,105.25043936731106,1434.0,63.0,1381.3702838063439,44.20367278797997,412.422393658433,156.74739896666432,105.0,276.75), 1.7046004212829582
frame_13, 
(153.0,733.5,676.3343274679394,893.9635401133314,1830.0,879.75,1800.0,281.25,1550.2636203866432,105.25043936731106,1434.0,63.0,1371.3813979086406,40.63621353880022,513.0,90.0,144.24391665452427,181.52579047063966,105.0,276.75,153.0,733.5), 1.6806034988798793
frame_14, 
(1752.9920942441095,899.2657021436161,1800.0,281.25,1799.9866825059396,280.0913780167563,1551.223630080632,105.59930886950798,1434.0,63.0,1381.6557240459922,44.30561573071155,99.0,195.75,52.315408479834545,631.826525336091,37.69390432460291,816.6057840978307,183.54320987654324,951.9489956057753,1538.3111055402353,953.6711581850088,1752.9920942441095,899.2657021436161), 1.6972556547820172
frame_2, 
(363.0,697.5,926.581168831169,940.1530032467532,1803.2841204437402,881.536236133122,1832.6240963855423,543.2096385542176,1833.8177104108495,390.12863980853604,1452.0,36.0,96.0,193.5,105.0,276.75,363.0,697.5), 1.5760126763257143
frame_3, 
(1452.0,36.0,97.32867549951007,193.3456737528224,95.4360153256705,196.06436781609193,93.09841503870254,206.69314412089938,67.52648316701394,464.3581533062836,150.0,891.0,727.3044350345443,953.4767383552485,1803.2841204437402,881.536236133122,1821.8491721478795,667.4579836697669,1810.3661624533775,368.37777662660613,1452.0,36.0), 1.6913211753064037
frame_4, 
(1830.0,879.75,1838.5572959604285,383.426834295136,1800.0,281.25,1550.2636203866432,105.25043936731106,1434.0,63.0,1366.8724137931033,39.025862068965516,819.0,58.5,97.40370573587134,193.23789726923565,95.79078833381462,195.55475743574937,33.0,812.25,153.434761035601,944.8253619464479,1830.0,879.75), 1.679280644150029
frame_5, 
(1845.0,400.5,1511.4619650517943,91.14983781521397,1434.0,63.0,1381.3702838063439,44.20367278797997,96.0,193.5,61.82352941176471,603.6176470588234,66.0,713.25,150.0,891.0,299.784011916584,939.1448609731876,1830.0,879.75,1845.0,400.5), 1.6855899338110298
frame_6, 
(1749.0,951.75,1830.0,879.75,1845.0,400.5,1452.0,36.0,513.0,92.25,357.6054436822306,130.81915246736003,105.0,276.75,63.539182282793874,648.6535349233391,66.0,713.25,150.0,891.0,439.95961995249405,984.2013064133016,1005.8173928765141,1032.0987163261616,1421.326139088729,1005.5089928057554,1749.0,951.75), 1.681820533003035
frame_7, 
(1839.0,357.75,1803.0,207.0,1761.0,182.25,1452.0,36.0,513.0,92.25,96.0,195.75,60.0,555.75,66.0,713.25,150.0,891.0,369.98108685795717,962.9487013407604,1371.5254333158255,995.938760050099,1830.0,879.75,1845.0,400.5,1839.0,357.75), 1.683325052434544
frame_8, 
(1802.8421711899791,886.6324634655532,1845.0,400.5,1452.0,36.0,128.5422928633252,189.72019828468012,108.0,198.0,63.50649350649351,512.6326530612245,56.50037678975132,581.4427279577995,66.0,713.25,150.0,891.0,414.0,913.5,1469.6196926809544,971.0792559644158,1802.8421711899791,886.6324634655532), 1.6689017878316672
frame_9, 
(1845.0,400.5,1452.0,33.75,596.1808582817403,85.01712110932067,105.0,276.75,61.6056338028169,652.2781690140846,66.0,713.25,150.0,891.0,374.5566687539134,963.1789292423294,1371.4411408746168,995.9601218331451,1802.8421711899791,886.6324634655532,1845.0,400.5), 1.6736031972522019
