frame_0, 
(1626.0,240.75,998.9999999999999,45.0,954.5281173594132,43.44865525672372,506.99999999999994,60.75,320.6581434130073,68.21789883268482,147.62824207492795,431.58069164265135,372.0,580.5,924.0,722.25,1370.8876132930513,792.3194864048338,1743.0,411.75,1626.0,240.75), 1.723707354280435
frame_1, 
(998.9999999999999,45.0,756.1258741258741,19.283916083916086,750.5359801488833,19.170223325062036,441.0,20.25,308.86757215619696,42.97920203735144,195.0,96.75,642.0986205971709,777.6108435489913,1303.323008093986,899.372895392917,1305.0,897.75,1743.0,411.75,1748.158244680851,378.22140957446805,1715.2281551980848,222.66359880886347,998.9999999999999,45.0), 1.7338203993119787
frame_10, 
(336.0,36.0,321.9551020408163,38.56224489795918,195.0,96.75,96.0,202.5,519.9604695667076,690.5153665990688,924.0,724.5,1332.0,735.75,1608.3503669661843,196.1520851910282,998.9999999999999,45.0,744.0,18.0,593.2446555819478,19.752969121140147,336.0,36.0), 1.6766076618694539
frame_11, 
(1770.0,236.25,998.9999999999999,45.0,744.0,18.0,593.2446555819478,19.752969121140147,336.0,36.0,321.9551020408163,38.56224489795918,195.0,96.75,96.0,202.5,468.57056918093474,690.7635354002776,1362.2915083101707,787.8310737988542,1473.0,666.0,1770.0,236.25), 1.6783251257152072
frame_12, 
(1337.6990527783564,852.6428245155707,1473.0,666.0,1770.0,236.25,998.9999999999999,45.0,779.1469194312796,21.44431279620853,690.0,18.0,357.0,20.25,195.0,96.75,478.81609552446514,610.6017525657911,1337.6990527783564,852.6428245155707), 1.7046004212829582
frame_13, 
(1626.0,240.75,789.0,36.0,549.0,24.75,441.0,20.25,336.0,36.0,315.87046632124355,39.67227979274611,195.0,96.75,521.5655982326266,688.0001356536568,924.0,724.5,1332.0,735.75,1433.2021728861596,720.8996811525744,1473.0,666.0,1626.0,240.75), 1.6806034988798793
frame_14, 
(1732.2950875345975,226.89712774447707,998.9999999999999,45.0,654.0,22.5,441.0,20.25,357.0,20.25,195.0,96.75,54.0,249.75,1210.575962941348,770.7962777210388,1442.938864407317,796.3743857591226,1747.1523757964435,275.3788052305001,1732.2950875345975,226.89712774447707), 1.6972556547820172
frame_2, 
(1742.277555793782,279.4875621284475,1726.0340030911902,221.26159196290573,1704.0,213.75,623.5721919841662,18.464918357248884,595.2545454545455,18.654545454545456,444.0,22.5,303.5744680851064,45.47872340425532,195.0,96.75,177.0,146.25,521.3256239144346,627.1185437425725,924.0,724.5,1388.8410355673846,783.390333897895,1506.0,648.0,1742.277555793782,279.4875621284475), 1.5760126763257143
frame_3, 
(717.0,31.5,549.0,24.75,450.9280575539569,22.451438848920862,444.0,22.5,129.03177966101697,74.04025423728812,113.308855972266,77.7501575795777,101.06693486855796,99.89363251716723,539.0922163988392,758.6425910685667,1342.3050086438725,906.5512881771034,1770.0,236.25,1705.042885973764,106.33577194752775,998.9999999999999,45.0,717.0,31.5), 1.6913211753064037
frame_4, 
(998.9999999999999,45.0,549.0,24.75,461.2040816326531,21.091836734693878,433.9663668361361,21.459913961673838,114.0,76.5,93.0,114.48529411764706,93.0,202.5,432.1635151565972,591.216626137269,1426.9699264869682,768.4165181554912,1770.0,236.25,998.9999999999999,45.0), 1.679280644150029
frame_5, 
(634.3385063045587,18.78564500484966,604.5235109717869,19.184952978056426,402.0,33.75,299.14285714285717,49.01785714285714,195.0,96.75,177.0,144.0,456.4337194423416,604.2941942961271,1368.426392893452,861.3020699655006,1770.0,236.25,1692.4288604180715,81.10772083614296,634.3385063045587,18.78564500484966), 1.6855899338110298
frame_6, 
(1770.0,236.25,998.9999999999999,45.0,549.0,24.75,519.5831960461285,24.40527182866557,336.0,36.0,321.9551020408163,38.56224489795918,195.0,96.75,177.0,144.0,512.9693895606017,697.4219699203775,924.0,724.5,1332.0,735.75,1424.4121539087948,719.4693353013029,1473.0,666.0,1770.0,236.25), 1.681820533003035
frame_7, 
(924.0,724.5,1332.0,735.75,1634.2146439317953,432.7272955229324,1770.0,236.25,998.9999999999999,45.0,549.0,24.75,519.5831960461285,24.40527182866557,336.0,36.0,321.9551020408163,38.56224489795918,195.0,96.75,177.0,144.0,467.55594876331884,622.6151671346694,924.0,724.5), 1.683325052434544
frame_8, 
(1386.4863975878845,761.2053895703419,1473.0,666.0,1723.7566783697146,303.16268508624637,1709.2272223796397,221.17504057082508,998.9999999999999,45.0,747.0,18.0,603.3157894736843,19.657894736842103,549.0,24.75,283.06435224386115,56.38717188823031,195.0,96.75,177.0,146.25,449.79758865805286,594.3576954797156,1386.4863975878845,761.2053895703419), 1.6689017878316672
frame_9, 
(549.0,24.75,533.0,24.416666666666664,405.0,33.75,298.23310344827587,49.4348275862069,195.0,96.75,177.0,144.0,466.8875757808303,621.5141969150487,924.0,724.5,1368.8057677138845,780.6623444083187,1473.0,666.0,1770.0,236.25,998.9999999999999,45.0,549.0,24.75), 1.6736031972522019
