frame_0, 
(24.0,263.25,24.0,31.5,1698.0,33.75,1893.0,236.25,1872.0,265.5,648.0,938.25,153.0,985.5,36.0,812.25,24.0,263.25), 2.916013901856895
frame_1, 
(24.0,263.25,24.0,31.5,1596.0,29.25,1617.0,40.5,1866.0,319.5,1887.0,695.25,1221.0,1059.75,852.0,1044.0,261.0,614.25,24.0,263.25), 2.6948978628066156
frame_10, 
(648.0,938.25,237.0,951.75,135.0,922.5,36.0,812.25,24.0,263.25,69.0,119.25,132.0,99.0,321.0,51.75,390.0,36.0,1401.0,144.0,1074.0,596.25,753.0,855.0,648.0,938.25), 2.6811749010613335
frame_11, 
(36.0,812.25,24.0,263.25,60.0,85.5,231.0,33.75,390.0,36.0,1149.0,90.0,1401.0,144.0,786.0,825.75,336.0,938.25,135.0,922.5,102.0,909.0,36.0,812.25), 2.8715266391127803
frame_12, 
(1893.0,236.25,648.0,938.25,339.0,938.25,135.0,927.0,36.0,812.25,60.0,85.5,144.0,18.0,1617.0,18.0,1893.0,236.25), 2.840666675245391
frame_13, 
(36.0,812.25,24.0,263.25,60.0,85.5,288.0,18.0,1617.0,18.0,1893.0,236.25,690.0,904.5,624.0,927.0,339.0,938.25,135.0,929.25,36.0,812.25), 2.7309102439475397
frame_14, 
(288.0,18.0,1101.0,162.0,981.0000000000001,589.5,648.0,938.25,339.0,938.25,135.0,927.0,36.0,812.25,24.0,263.25,84.0,141.75,288.0,18.0), 2.741323203677839
frame_2, 
(1611.0,189.0,753.0,855.0,336.0,938.25,147.0,954.0,36.0,812.25,24.0,263.25,24.0,31.5,390.0,36.0,1611.0,189.0), 2.505718107429806
frame_3, 
(24.0,31.5,1617.0,40.5,1893.0,236.25,753.0,855.0,336.0,938.25,147.0,954.0,105.0,906.75,36.0,812.25,24.0,263.25,24.0,31.5), 2.8493796900284374
frame_4, 
(648.0,938.25,147.0,954.0,36.0,812.25,24.0,263.25,24.0,31.5,390.0,36.0,1494.0,191.25,813.0,803.25,648.0,938.25), 2.8814394886605643
frame_5, 
(1893.0,236.25,648.0,938.25,336.0,938.25,135.0,924.75,36.0,812.25,24.0,263.25,24.0,31.5,390.0,36.0,1296.0,153.0,1893.0,236.25), 2.887666619162004
frame_6, 
(24.0,31.5,1617.0,40.5,1893.0,236.25,687.0,906.75,336.0,938.25,147.0,954.0,36.0,812.25,24.0,31.5), 2.877649746663053
frame_7, 
(36.0,812.25,24.0,263.25,84.0,141.75,168.0,42.75,390.0,36.0,1617.0,40.5,690.0,904.5,219.0,1021.5,147.0,954.0,36.0,812.25), 2.880192932845691
frame_8, 
(390.0,36.0,1617.0,40.5,648.0,938.25,222.0,940.5,135.0,924.75,36.0,812.25,69.0,51.75,390.0,36.0), 2.8615411905168004
frame_9, 
(36.0,812.25,24.0,263.25,60.0,85.5,366.0,42.75,1617.0,40.5,1893.0,236.25,648.0,938.25,222.0,940.5,135.0,922.5,36.0,812.25), 2.87135954565432
