frame_0, 
(1758.0,213.75,1725.0,967.5,567.0,801.0,54.0,603.0,45.0,139.5,60.0,20.25,1695.0,38.25,1758.0,213.75), 2.896636788488326
frame_1, 
(1692.0,58.5,1767.0,870.75,1725.0,967.5,1524.0,1035.0,219.0,384.75,45.0,139.5,42.0,63.0,60.0,18.0,693.0,18.0,1053.0,31.5,1692.0,58.5), 2.953681129782131
frame_10, 
(48.0,659.25,39.0,560.25,45.0,139.5,63.0,20.25,423.0,18.0,1854.0,18.0,1725.0,967.5,1299.0,1003.5,684.0,850.5,48.0,659.25), 2.880030762047324
frame_11, 
(54.0,603.0,45.0,139.5,63.0,20.25,1299.0,18.0,1692.0,60.75,1839.0,191.25,1872.0,519.75,1725.0,967.5,1299.0,1003.5,621.0,841.5,54.0,603.0), 2.9116515934479397
frame_12, 
(48.0,659.25,45.0,139.5,63.0,20.25,1398.0,33.75,1689.0,92.25,1758.0,213.75,1872.0,519.75,1725.0,967.5,1299.0,1003.5,762.0,904.5,48.0,659.25), 2.921438909854301
frame_13, 
(1725.0,967.5,1299.0,1003.5,684.0,850.5,93.0,544.5,60.0,308.25,45.0,139.5,60.0,18.0,1266.0,18.0,1875.0,20.25,1872.0,519.75,1725.0,967.5), 2.909811403219708
frame_14, 
(1860.0,1017.0,597.0,823.5,522.0,771.75,135.0,346.5,48.0,247.5,45.0,139.5,60.0,20.25,567.0,18.0,1299.0,18.0,1692.0,60.75,1878.0,175.5,1872.0,519.75,1860.0,1017.0), 2.911342375841358
frame_2, 
(39.0,560.25,45.0,139.5,60.0,20.25,1398.0,31.5,1695.0,49.5,1872.0,519.75,1725.0,967.5,1299.0,1003.5,684.0,850.5,51.0,659.25,39.0,560.25), 2.912607956245994
frame_3, 
(51.0,659.25,39.0,560.25,45.0,139.5,60.0,18.0,1266.0,18.0,1695.0,38.25,1881.0,240.75,1725.0,967.5,1299.0,1003.5,684.0,850.5,51.0,659.25), 2.917017763726168
frame_4, 
(39.0,560.25,45.0,139.5,60.0,18.0,1854.0,18.0,1875.0,517.5,1725.0,967.5,1299.0,1003.5,564.0,1014.75,51.0,659.25,39.0,560.25), 2.6043651311091653
frame_5, 
(1854.0,18.0,1875.0,519.75,1725.0,967.5,429.0,945.0,48.0,659.25,39.0,560.25,45.0,139.5,60.0,18.0,1854.0,18.0), 2.9219599259322218
frame_6, 
(1854.0,18.0,1875.0,519.75,1725.0,967.5,681.0,848.25,597.0,823.5,48.0,659.25,39.0,560.25,45.0,139.5,60.0,18.0,1854.0,18.0), 2.8719238098368245
frame_7, 
(1725.0,967.5,597.0,823.5,48.0,659.25,39.0,560.25,45.0,139.5,63.0,20.25,1263.0,18.0,1695.0,38.25,1893.0,144.0,1875.0,519.75,1725.0,967.5), 2.54968392654476
frame_8, 
(1758.0,213.75,1725.0,967.5,597.0,823.5,48.0,659.25,39.0,560.25,45.0,139.5,63.0,20.25,1695.0,38.25,1758.0,213.75), 2.854683717299259
frame_9, 
(51.0,659.25,39.0,560.25,45.0,139.5,63.0,20.25,1299.0,18.0,1878.0,20.25,1875.0,519.75,1029.0,753.75,732.0,812.25,597.0,823.5,51.0,659.25), 2.877564853717237
