frame_0, (1890.0,684.0,1788.0,972.0,1410.0,990.0,519.0,949.5,54.0,924.75,36.0,641.25,36.0,60.75,39.0,29.25,750.0,27.0,1350.0,74.25,1827.0,425.25,1890.0,684.0), 2.896636788488326
frame_1, (1851.0,31.5,1890.0,684.0,1788.0,972.0,1437.0,1001.25,336.0,1008.0,30.0,931.5,36.0,60.75,39.0,29.25,126.0,22.5,1851.0,31.5), 2.953681129782131
frame_2, (1854.0,29.25,1890.0,684.0,1764.0,866.25,510.0,972.0,78.0,918.0,42.0,812.25,36.0,641.25,36.0,60.75,39.0,29.25,126.0,22.5,1254.0,20.25,1854.0,29.25), 2.912607956245994
frame_3, (1854.0,31.5,1890.0,684.0,1764.0,866.25,1383.0,974.25,519.0,949.5,81.0,918.0,42.0,812.25,36.0,641.25,36.0,60.75,39.0,29.25,126.0,22.5,1854.0,31.5), 2.917017763726168
frame_4, (519.0,949.5,81.0,918.0,42.0,812.25,36.0,641.25,36.0,60.75,39.0,29.25,126.0,22.5,1254.0,20.25,1557.0,49.5,1851.0,177.75,1890.0,684.0,1764.0,866.25,519.0,949.5), 2.6043651311091653
frame_5, (1254.0,20.25,1851.0,177.75,1875.0,452.25,1890.0,684.0,1641.0,1053.0,234.0,949.5,81.0,918.0,42.0,812.25,24.0,513.0,36.0,60.75,39.0,29.25,126.0,22.5,1254.0,20.25), 2.9219599259322218
frame_6, (126.0,22.5,1557.0,49.5,1851.0,177.75,1875.0,452.25,1890.0,684.0,1641.0,1053.0,336.0,1008.0,78.0,918.0,42.0,812.25,36.0,535.5,36.0,60.75,39.0,29.25,126.0,22.5), 2.8719238098368245
frame_7, (1812.0,245.25,1890.0,684.0,1764.0,866.25,519.0,949.5,81.0,918.0,36.0,814.5,36.0,641.25,39.0,29.25,126.0,22.5,1350.0,74.25,1812.0,245.25), 2.54968392654476
frame_8, (1851.0,175.5,1890.0,684.0,1788.0,972.0,519.0,949.5,69.0,920.25,48.0,812.25,36.0,641.25,39.0,29.25,126.0,22.5,921.0,78.75,1851.0,175.5), 2.854683717299259
frame_9, (1890.0,684.0,1485.0,996.75,1296.0,1005.75,519.0,949.5,138.0,875.25,48.0,812.25,36.0,535.5,36.0,60.75,39.0,29.25,126.0,22.5,1557.0,49.5,1725.0,272.25,1755.0,319.5,1845.0,524.25,1890.0,684.0), 2.877564853717237
frame_10, (48.0,812.25,36.0,60.75,39.0,29.25,126.0,22.5,1557.0,49.5,1710.0,272.25,1845.0,524.25,1890.0,684.0,1788.0,972.0,1641.0,1053.0,510.0,972.0,48.0,812.25), 2.880030762047324
frame_11, (1890.0,684.0,1641.0,1053.0,336.0,1008.0,81.0,918.0,48.0,812.25,36.0,641.25,36.0,60.75,39.0,29.25,126.0,22.5,1557.0,47.25,1827.0,425.25,1890.0,684.0), 2.9116515934479397
frame_12, (1788.0,972.0,1410.0,990.0,506.99999999999994,972.0,117.0,796.5,87.0,708.75,36.0,60.75,39.0,29.25,126.0,20.25,1254.0,20.25,1371.0,78.75,1665.0,333.0,1794.0,501.75,1890.0,684.0,1887.0,740.25,1788.0,972.0), 2.921438909854301
frame_13, (30.0,931.5,39.0,29.25,126.0,20.25,1254.0,20.25,1851.0,175.5,1890.0,684.0,1764.0,866.25,1485.0,996.75,813.0,1005.75,30.0,931.5), 2.909811403219708
frame_14, (1740.0,240.75,1890.0,684.0,1890.0,740.25,1644.0,1053.0,506.99999999999994,972.0,36.0,814.5,36.0,60.75,39.0,29.25,126.0,20.25,1254.0,20.25,1551.0,101.25,1740.0,240.75), 2.911342375841358
