frame_0, (180.0,1026.0,57.0,605.25,273.0,261.0,627.0,144.0,867.0,126.0,1344.0,101.25,1683.0,252.0,1686.0,281.25,1707.0,686.25,1644.0,816.75,180.0,1026.0), 2.896636788488326
frame_1, (93.0,240.75,372.0,31.5,1104.0,65.25,1419.0,137.25,1710.0,317.25,1677.0,733.5,1569.0,909.0,1434.0,942.75,684.0,1003.5,45.0,848.25,57.0,605.25,93.0,240.75), 2.953681129782131
frame_2, (1725.0,1059.75,231.0,882.0,288.0,312.75,372.0,36.0,1134.0,63.0,1881.0,130.5,1725.0,1059.75), 2.912607956245994
frame_3, (1542.0,904.5,237.0,855.0,273.0,159.75,372.0,36.0,1104.0,65.25,1422.0,137.25,1680.0,254.25,1710.0,317.25,1707.0,686.25,1542.0,904.5), 2.917017763726168
frame_4, (1722.0,1059.75,237.0,855.0,245.99999999999997,220.5,372.0,36.0,1104.0,65.25,1182.0,69.75,1881.0,130.5,1722.0,1059.75), 2.6043651311091653
frame_5, (33.0,450.0,372.0,36.0,1134.0,63.0,1881.0,130.5,1722.0,690.75,1542.0,904.5,237.0,855.0,33.0,450.0), 2.9219599259322218
frame_6, (1710.0,317.25,1545.0,906.75,45.0,848.25,27.0,364.5,375.0,60.75,963.0,33.75,1134.0,63.0,1422.0,137.25,1710.0,317.25), 2.8719238098368245
frame_7, (27.0,364.5,375.0,60.75,648.0,24.75,930.0,81.0,1401.0,182.25,1563.0,249.75,1671.0,1053.0,648.0,1041.75,180.0,1026.0,60.0,990.0,39.0,816.75,33.0,724.5,27.0,364.5), 2.54968392654476
frame_8, (237.0,855.0,24.0,587.25,165.0,283.5,252.0,126.0,378.0,87.75,966.0000000000001,33.75,1104.0,65.25,1416.0,139.5,1680.0,254.25,1710.0,317.25,1722.0,1059.75,237.0,855.0), 2.854683717299259
frame_9, (1500.0,731.25,237.0,855.0,273.0,261.0,372.0,31.5,1134.0,63.0,1182.0,69.75,1416.0,139.5,1710.0,317.25,1500.0,731.25), 2.877564853717237
frame_10, (1725.0,1059.75,231.0,882.0,285.0,321.75,372.0,31.5,1104.0,65.25,1716.0,177.75,1725.0,1059.75), 2.880030762047324
frame_11, (1722.0,1059.75,237.0,855.0,273.0,261.0,375.0,60.75,1134.0,63.0,1716.0,180.0,1722.0,690.75,1722.0,1059.75), 2.9116515934479397
frame_12, (1881.0,132.75,1722.0,1059.75,684.0,1003.5,78.0,931.5,27.0,364.5,375.0,58.5,1308.0,49.5,1881.0,132.75), 2.921438909854301
frame_13, (1881.0,132.75,1722.0,1059.75,231.0,882.0,207.0,290.25,375.0,58.5,1134.0,63.0,1881.0,132.75), 2.909811403219708
frame_14, (1881.0,132.75,1722.0,1059.75,78.0,931.5,27.0,364.5,378.0,87.75,1071.0,60.75,1134.0,63.0,1881.0,132.75), 2.911342375841358
