frame_0, 
(243.0,708.75,24.0,157.5,762.0,24.75,1845.0,24.75,1866.0,155.25,1875.0,585.0,1845.0,974.25,243.0,708.75), 2.90730836306974
frame_1, 
(1797.0,33.75,1845.0,974.25,243.0,708.75,201.0,231.75,381.0,108.0,408.0,96.75,762.0,24.75,1797.0,33.75), 2.9283125094252154
frame_10, 
(156.0,1037.25,24.0,166.5,600.0,33.75,798.0,22.5,906.0,24.75,1122.0,47.25,1518.0,96.75,1710.0,236.25,1821.0,357.75,1815.0,560.25,1800.0,780.75,408.0,1017.0,156.0,1037.25), 2.7574621616042347
frame_11, 
(1845.0,974.25,408.0,1017.0,243.0,706.5,24.0,157.5,600.0,33.75,762.0,24.75,906.0,24.75,1050.0,36.0,1518.0,96.75,1614.0,288.0,1671.0,405.0,1845.0,974.25), 2.772343875276041
frame_12, 
(1620.0,252.0,1800.0,780.75,1722.0,821.25,1200.0,733.5,483.00000000000006,589.5,84.0,243.0,24.0,150.75,729.0,27.0,762.0,24.75,798.0,22.5,906.0,24.75,1050.0,38.25,1119.0,47.25,1437.0,146.25,1620.0,252.0), 2.911427252565709
frame_13, 
(1620.0,252.0,1800.0,780.75,1200.0,733.5,483.00000000000006,589.5,84.0,243.0,24.0,153.0,762.0,24.75,798.0,22.5,906.0,24.75,1050.0,38.25,1437.0,146.25,1620.0,252.0), 2.914919567533458
frame_14, 
(384.0,965.25,24.0,153.0,603.0,33.75,762.0,24.75,906.0,24.75,1755.0,31.5,1800.0,780.75,1722.0,821.25,384.0,965.25), 2.8798092899731675
frame_2, 
(1887.0,18.0,1845.0,974.25,408.0,1017.0,384.0,965.25,84.0,222.75,108.0,177.75,600.0,33.75,879.0,18.0,1887.0,18.0), 2.8854694739593905
frame_3, 
(1845.0,974.25,408.0,1017.0,84.0,243.0,84.0,222.75,108.0,177.75,600.0,33.75,876.0,18.0,1845.0,24.75,1845.0,974.25), 2.8517858745522737
frame_4, 
(27.0,468.0,24.0,150.75,600.0,33.75,864.0,18.0,1755.0,29.25,1815.0,265.5,1824.0,339.75,1821.0,562.5,1800.0,780.75,408.0,1017.0,156.0,1037.25,72.0,672.75,27.0,468.0), 2.8537184099803508
frame_5, 
(1887.0,18.0,1845.0,974.25,1200.0,733.5,1038.0,663.75,84.0,243.0,24.0,150.75,600.0,33.75,864.0,18.0,1887.0,18.0), 2.8580002534809337
frame_6, 
(1845.0,974.25,408.0,1017.0,84.0,243.0,81.0,222.75,108.0,177.75,594.0,63.0,906.0,27.0,1755.0,29.25,1824.0,339.75,1845.0,974.25), 2.858298243234863
frame_7, 
(408.0,1017.0,24.0,157.5,762.0,24.75,798.0,22.5,1845.0,24.75,1671.0,405.0,1581.0,582.75,1200.0,733.5,408.0,1017.0), 2.8544680688888255
frame_8, 
(408.0,1017.0,24.0,157.5,762.0,24.75,798.0,22.5,1755.0,29.25,1824.0,339.75,1845.0,974.25,408.0,1017.0), 2.5166664566596526
frame_9, 
(1755.0,29.25,1821.0,357.75,1701.0,607.5,408.0,1017.0,45.0,285.75,24.0,157.5,600.0,33.75,762.0,24.75,906.0,24.75,1755.0,29.25), 2.87400780599044
