frame_0, 
(33.0,823.5,39.0,285.75,435.0,78.75,624.0,58.5,1425.0,22.5,1542.0,45.0,1884.0,182.25,1893.0,729.0,1860.0,949.5,1368.0,1053.0,84.0,972.0,33.0,823.5), 2.90730836306974
frame_1, 
(435.0,78.75,1383.0,22.5,1425.0,22.5,1752.0,159.75,1839.0,252.0,1893.0,729.0,1557.0,949.5,1368.0,1053.0,84.0,972.0,69.0,814.5,195.0,272.25,435.0,78.75), 2.9283125094252154
frame_10, 
(1893.0,729.0,1368.0,1053.0,84.0,972.0,33.0,823.5,42.0,580.5,459.0,254.25,708.0,177.75,1425.0,22.5,1752.0,159.75,1839.0,252.0,1893.0,729.0), 2.7574621616042347
frame_11, 
(27.0,29.25,324.0,22.5,1425.0,22.5,1851.0,155.25,1887.0,270.0,1890.0,420.75,1893.0,726.75,1638.0,904.5,1557.0,949.5,1368.0,1053.0,84.0,972.0,33.0,823.5,27.0,29.25), 2.772343875276041
frame_12, 
(774.0,40.5,1425.0,22.5,1851.0,155.25,1893.0,729.0,1743.0,857.25,1368.0,1053.0,84.0,972.0,69.0,814.5,255.0,522.0,459.0,254.25,774.0,40.5), 2.911427252565709
frame_13, 
(435.0,78.75,1425.0,22.5,1851.0,155.25,1884.0,270.0,1893.0,729.0,1638.0,904.5,1368.0,1053.0,84.0,972.0,33.0,823.5,99.0,400.5,435.0,78.75), 2.914919567533458
frame_14, 
(1893.0,726.75,1368.0,1053.0,84.0,972.0,69.0,814.5,255.0,522.0,459.0,254.25,708.0,177.75,1383.0,22.5,1851.0,155.25,1893.0,726.75), 2.8798092899731675
frame_2, 
(108.0,92.25,1425.0,22.5,1767.0,83.25,1839.0,252.0,1854.0,524.25,1833.0,555.75,1368.0,1053.0,84.0,972.0,33.0,823.5,78.0,360.0,108.0,92.25), 2.8854694739593905
frame_3, 
(1854.0,524.25,1368.0,1053.0,84.0,972.0,33.0,823.5,78.0,360.0,435.0,78.75,774.0,40.5,1194.0,54.0,1503.0,81.0,1842.0,112.5,1854.0,524.25), 2.8517858745522737
frame_4, 
(75.0,945.0,33.0,823.5,180.0,292.5,195.0,272.25,774.0,40.5,1887.0,78.75,1818.0,297.0,1458.0,1026.0,1368.0,1053.0,75.0,945.0), 2.8537184099803508
frame_5, 
(1893.0,729.0,1368.0,1053.0,84.0,972.0,69.0,814.5,180.0,292.5,195.0,272.25,774.0,40.5,1425.0,22.5,1752.0,159.75,1839.0,252.0,1893.0,729.0), 2.8580002534809337
frame_6, 
(774.0,40.5,1425.0,22.5,1839.0,252.0,1893.0,729.0,1368.0,1053.0,84.0,972.0,69.0,814.5,33.0,411.75,195.0,272.25,774.0,40.5), 2.858298243234863
frame_7, 
(357.0,171.0,1425.0,22.5,1839.0,252.0,1893.0,729.0,1368.0,1053.0,273.0,918.0,33.0,823.5,195.0,272.25,357.0,171.0), 2.8544680688888255
frame_8, 
(435.0,78.75,1425.0,22.5,1752.0,159.75,1839.0,252.0,1893.0,729.0,1743.0,852.75,1368.0,1053.0,84.0,972.0,33.0,823.5,195.0,272.25,435.0,78.75), 2.5166664566596526
frame_9, 
(27.0,29.25,1425.0,22.5,1650.0,94.5,1752.0,159.75,1839.0,252.0,1893.0,729.0,1740.0,855.0,1368.0,1053.0,93.0,1001.25,33.0,823.5,27.0,29.25), 2.87400780599044
