frame_0, (1893.0,123.75,1845.0,1041.75,135.0,1021.5,30.0,987.75,30.0,821.25,36.0,441.0,245.99999999999997,141.75,405.0,29.25,1311.0,18.0,1386.0,31.5,1893.0,123.75), 2.90730836306974
frame_1, (36.0,1046.25,27.0,985.5,30.0,821.25,42.0,364.5,405.0,29.25,983.9999999999999,20.25,1311.0,18.0,1779.0,22.5,1845.0,47.25,1845.0,1041.75,1398.0,1053.0,1179.0,1055.25,36.0,1046.25), 2.9283125094252154
frame_2, (36.0,1044.0,30.0,821.25,87.0,508.5,240.0,141.75,378.0,47.25,405.0,29.25,983.9999999999999,20.25,1311.0,18.0,1845.0,51.75,1869.0,67.5,1845.0,1041.75,1398.0,1053.0,1179.0,1055.25,36.0,1044.0), 2.8854694739593905
frame_3, (1179.0,1055.25,138.0,1028.25,48.0,938.25,30.0,821.25,87.0,508.5,240.0,141.75,378.0,47.25,486.0,33.75,983.9999999999999,22.5,1809.0,18.0,1860.0,330.75,1845.0,1041.75,1398.0,1053.0,1179.0,1055.25), 2.8517858745522737
frame_4, (30.0,821.25,240.0,141.75,983.9999999999999,20.25,1809.0,126.0,1860.0,330.75,1758.0,981.0,1398.0,1053.0,783.0,1026.0,30.0,987.75,30.0,821.25), 2.8537184099803508
frame_5, (30.0,987.75,30.0,821.25,219.0,218.25,228.0,200.25,405.0,29.25,983.9999999999999,20.25,1311.0,18.0,1809.0,18.0,1860.0,330.75,1677.0,843.75,1494.0,1030.5,1398.0,1053.0,1179.0,1055.25,30.0,987.75), 2.8580002534809337
frame_6, (30.0,987.75,30.0,821.25,219.0,218.25,234.0,189.0,1311.0,18.0,1809.0,18.0,1860.0,330.75,1845.0,1041.75,1398.0,1053.0,1179.0,1055.25,30.0,987.75), 2.858298243234863
frame_7, (1881.0,69.75,1887.0,857.25,1878.0,902.25,1494.0,1030.5,1398.0,1053.0,1359.0,1059.75,264.0,999.0,48.0,938.25,30.0,821.25,39.0,661.5,213.0,112.5,540.0,58.5,1071.0,29.25,1311.0,18.0,1845.0,38.25,1881.0,69.75), 2.8544680688888255
frame_8, (1815.0,580.5,1398.0,1053.0,1179.0,1055.25,195.0,1050.75,48.0,938.25,30.0,821.25,219.0,218.25,228.0,200.25,405.0,29.25,983.9999999999999,20.25,1311.0,18.0,1809.0,18.0,1815.0,580.5), 2.5166664566596526
frame_9, (1884.0,396.0,1893.0,807.75,1758.0,981.0,1398.0,1053.0,1179.0,1055.25,264.0,999.0,48.0,938.25,30.0,821.25,219.0,218.25,228.0,200.25,234.0,189.0,528.0,121.5,983.9999999999999,20.25,1311.0,18.0,1812.0,18.0,1884.0,396.0), 2.87400780599044
frame_10, (1812.0,18.0,1893.0,594.0,1836.0,771.75,1758.0,981.0,1680.0,1037.25,1179.0,1055.25,264.0,999.0,48.0,938.25,30.0,821.25,219.0,218.25,228.0,200.25,405.0,29.25,1311.0,18.0,1812.0,18.0), 2.7574621616042347
frame_11, (1311.0,18.0,1710.0,24.75,1812.0,387.0,1836.0,771.75,1680.0,1037.25,1179.0,1055.25,198.0,1048.5,30.0,987.75,30.0,821.25,33.0,441.0,42.0,364.5,405.0,29.25,983.9999999999999,20.25,1311.0,18.0), 2.772343875276041
frame_12, (1179.0,1055.25,27.0,985.5,30.0,821.25,183.0,126.0,405.0,29.25,1311.0,18.0,1812.0,18.0,1860.0,330.75,1845.0,1041.75,1395.0,1053.0,1179.0,1055.25), 2.911427252565709
frame_13, (1812.0,387.0,1722.0,882.0,1179.0,1055.25,27.0,985.5,45.0,690.75,183.0,126.0,405.0,29.25,1311.0,18.0,1647.0,261.0,1812.0,387.0), 2.914919567533458
frame_14, (135.0,960.75,87.0,726.75,102.0,663.75,219.0,216.0,228.0,200.25,405.0,29.25,1311.0,18.0,1812.0,18.0,1848.0,130.5,1722.0,882.0,1395.0,1053.0,1179.0,1055.25,264.0,999.0,135.0,960.75), 2.8798092899731675
