frame_0, (1860.0,625.5,1868.8032786885246,566.077868852459,1862.0695698353688,303.46322357939454,1644.0,236.25,1143.0,189.0,1026.0,195.75,579.0,290.25,372.0,510.75,108.0,839.25,100.46925665341084,852.5999541144081,207.0,1053.0,1844.7472916877593,696.6793054571226,1860.0,625.5), 1.703520394258813
frame_1, (537.0,1037.25,1854.7153306918624,351.1850426699177,1836.0,299.25,1356.0,130.5,1229.4891028890015,122.7544348707552,51.70423181449194,308.3835721596725,74.42553191489361,622.8670212765957,84.0,681.75,537.0,1037.25), 1.7011960642513921
frame_2, (24.0,312.75,378.0,936.0,405.0,954.0,462.63599858273295,990.3499763788827,705.0,933.75,1869.1338314470936,543.5005905944402,1866.0,382.5,1844.4016678248784,280.4478804725504,1356.0,130.5,1041.2287146343072,121.52789685418453,837.0,157.5,24.0,312.75), 1.694784692281894
frame_3, (1164.0,153.0,595.0652720560697,121.92373334760045,72.60764492923974,296.50734637265504,143.95705441341656,706.080398892401,705.0,933.75,1419.0,679.5,1685.9944572282784,266.6037044191007,1164.0,153.0), 1.6861543953620848
frame_4, (1623.0,463.5,1797.082805369722,286.6627198617695,1356.0,144.0,816.8259135849676,95.74059103075328,630.0,110.25,87.32036888532478,678.2745589414594,111.35493503349205,975.3104470987007,121.46699669966998,983.5445544554456,320.5818270639961,1023.5243038593063,705.0,933.75,1623.0,463.5), 1.690763473126307
frame_5, (1824.0,357.75,1356.0,130.5,634.1782256863427,109.92550762051333,630.0,110.25,154.24410933081998,608.2252591894439,177.6652719665272,804.685669456067,180.0,807.75,705.0,933.75,1140.9958506224066,1020.9491701244814,1159.4266235404084,1019.8591781777177,1818.0,441.0,1828.1215547703182,388.40406360424026,1824.0,357.75), 1.6798577070602978
frame_6, (1356.0,130.5,1111.4074927953889,123.96397694524497,116.2682535265535,296.7312059849733,129.3050351015854,408.7770584406528,705.0,933.75,1419.0,679.5,1695.7519754170326,392.86402546093063,1356.0,130.5), 1.6867762147206202
frame_7, (1782.0,166.5,486.8135017914388,158.09697341127662,72.99508012369975,296.37788164183297,145.68117719190684,706.7800429184549,705.0,933.75,1419.0,679.5,1845.4214876033056,237.84917355371903,1782.0,166.5), 1.671780759891649
frame_8, (145.9456638325703,706.8873708306082,705.0,933.75,1419.0,679.5,1818.0,441.0,1853.2208835341364,257.9771944922548,1725.0,191.25,627.0,76.5,72.58504260018933,293.71481539917954,145.9456638325703,706.8873708306082), 1.5826953075768404
frame_9, (1725.0,191.25,630.0,110.25,339.0,738.0,311.28414874975664,803.6676702917697,705.0,933.75,1419.0,679.5,1835.095081967213,248.54437939110073,1725.0,191.25), 1.5521696975079748
frame_10, (73.05436441772538,296.3580712960571,87.33438229621359,376.784209724901,567.0,861.75,705.0,933.75,1419.0,679.5,1798.7739340305714,286.1627111826227,1356.0,130.5,630.0,110.25,73.05436441772538,296.3580712960571), 1.677250628023651
frame_11, (705.0,933.75,1415.5920577931167,982.3221153428207,1866.0,382.5,1851.0,342.0,1356.0,130.5,630.0,108.0,115.33970081067766,281.88893772114477,167.02599171036442,715.4417067810175,705.0,933.75), 1.6664914474340315
frame_12, (142.17231661164345,429.84185522183753,567.0,861.75,705.0,933.75,1872.0,688.5,1869.0,382.5,1836.0,299.25,1356.0,130.5,1061.984467233617,122.11950975487744,378.0,200.25,142.17231661164345,429.84185522183753), 1.6917257053892119
frame_13, (705.0,933.75,1419.0,679.5,1798.7739340305714,286.1627111826227,1356.0,130.5,931.5991471215352,50.4594882729211,803.3350772450299,47.311903736074356,76.44223107569722,295.84511952191235,160.8163769010199,712.921863090269,705.0,933.75), 1.6936274717638171
frame_14, (1836.0,299.25,902.8574018242186,49.754169369919474,803.3350772450299,47.311903736074356,76.44223107569722,295.84511952191235,93.54929577464789,380.40845070422534,567.0,861.75,705.0,933.75,1872.0,688.5,1863.7764208548615,369.3223344293096,1836.0,299.25), 1.5783481680032483
