frame_0, (1161.0,852.75,1365.0,652.5,1149.0,393.75,1047.0,283.5,324.0,69.75,261.7967213114754,53.28442622950819,48.8041775456919,89.35574412532637,30.0,132.75,48.0,891.0,443.9525015832804,978.3424635845472,948.7321442419542,996.4181271810779,1026.0,981.0,1161.0,852.75), 1.703520394258813
frame_1, (204.0,969.75,730.5823055738491,988.6063955576842,1365.0,652.5,1104.0,276.75,387.0,67.5,292.5145038167939,43.14045801526717,45.0,90.0,30.0,132.75,36.0,382.5,204.0,969.75), 1.7011960642513921
frame_2, (624.0,65.25,69.0,108.0,30.0,132.75,36.0,335.25,150.0,465.75,561.0,704.25,1168.379104477612,847.4672320217096,1680.5654101995565,480.7883995162265,1620.0,213.75,1146.5414847161574,93.32685589519652,624.0,65.25), 1.694784692281894
frame_3, (1716.6965098634296,477.46775417298943,1620.0,213.75,1097.4849685223173,80.84943764589374,120.48474576271188,33.41694915254237,108.0,36.0,73.70886075949367,43.348101265822784,52.61538461538462,77.625,30.0,132.75,45.0,344.25,204.0,969.75,941.3844984802432,996.1550151975684,1026.0,981.0,1716.6965098634296,477.46775417298943), 1.6861543953620848
frame_4, (1110.0,211.5,732.0,56.25,648.8091324200914,36.01438356164383,215.19677419354844,32.56693548387097,66.0,45.0,30.0,132.75,36.0,382.5,240.0,668.25,528.0,785.25,1034.3096200825541,926.4143922163255,1113.0,409.5,1110.0,211.5), 1.690763473126307
frame_5, (1047.0,283.5,732.0,56.25,461.2819825853985,36.96701272605493,108.0,36.0,66.0,45.0,30.0,132.75,36.0,335.25,45.0,423.0,204.0,969.75,893.4474551446357,1004.7407543024533,1026.0,981.0,1047.0,283.5), 1.6798577070602978
frame_6, (732.0,60.75,265.9094848338949,36.43223399133365,252.55862068965524,36.39568965517242,69.0,45.0,30.0,132.75,36.0,335.25,45.0,423.0,336.0,879.75,1030.127116872256,970.4242630148442,1314.0,243.0,732.0,60.75), 1.6867762147206202
frame_7, (42.0,369.0,45.0,423.0,240.0,668.25,660.0,1026.0,782.5171232876712,1023.1412671232878,1026.0,981.0,1005.0,794.25,933.0,265.5,657.0,137.25,354.80373831775705,71.60046728971963,69.0,108.0,30.0,132.75,42.0,369.0), 1.671780759891649
frame_8, (135.3911154031869,73.7035248672139,94.61986035686579,81.05411171450737,30.0,132.75,36.0633938614816,434.40384460870956,225.0,789.75,1100.902064259591,868.3715283743649,1595.2072189171624,125.0964980252962,1135.5196145905024,65.0817274604267,135.3911154031869,73.7035248672139), 1.5826953075768404
frame_9, (36.0,335.25,45.0,423.0,240.0,668.25,654.8250449718563,1021.5920472349561,665.3231197771588,1022.0076601671309,714.0,985.5,987.0,767.25,1482.6521929185487,227.62866093545097,964.094985054799,49.93341082696779,761.0284810126583,47.35205696202532,387.0,67.5,75.0,99.0,30.0,132.75,36.0,335.25), 1.5521696975079748
frame_10, (36.0,335.25,45.0,423.0,655.5329083901572,1021.6200711532761,665.3231197771588,1022.0076601671309,717.0,983.25,987.0,767.25,1469.709390161518,243.38796597678558,1236.0,193.5,387.0,67.5,168.0,49.5,117.0,60.75,30.0,132.75,36.0,335.25), 1.677250628023651
frame_11, (36.0,335.25,45.0,423.0,336.0,879.75,839.4139404042508,884.2049906230463,987.0,767.25,1496.5481481481481,212.49999999999997,1422.0,175.5,387.0,67.5,117.0,60.75,30.0,132.75,36.0,335.25), 1.6664914474340315
frame_12, (81.0,31.5,30.0,132.75,42.0,369.0,660.0,1026.0,693.0331034482758,1025.229227586207,1161.0,852.75,1591.2250274423711,594.6149835345774,1626.0,276.75,1422.0,175.5,790.1586826347306,76.2106501283148,140.1346153846154,31.5,81.0,31.5), 1.6917257053892119
frame_13, (1625.200637497821,282.7212378912767,1626.0,276.75,1422.0,175.5,930.0,38.25,685.0000000000001,31.5,81.0,31.5,30.0,132.75,35.89655172413793,381.14224137931035,36.0,382.5,69.0,776.25,183.0,900.0,193.47161241483724,902.7660862982589,875.6045620267365,957.9386042815742,1161.0,852.75,1625.200637497821,282.7212378912767), 1.6936274717638171
frame_14, (1551.966587112172,618.1700477326968,1626.0,276.75,1422.0,175.5,972.3293336737299,50.05833546081184,222.0,40.5,122.99999999999999,78.75,66.0,108.0,30.0,132.75,36.0,335.25,45.0,423.0,660.0,1026.0,690.1771718732753,1025.2958659896235,1161.0,852.75,1551.966587112172,618.1700477326968), 1.5783481680032483
