frame_0, (1659.0,978.75,1857.0,848.25,1866.2344514959202,596.3226201269265,1854.0,227.25,1266.0,137.25,817.7792147806005,78.47979214780601,639.0,74.25,609.0,85.5,77.53256051824071,373.0151721786566,159.0,715.5,237.30186078566504,1033.0575465196416,652.3830155979201,1043.434575389948,654.3873059345402,1043.431827277055,684.1844222722884,1043.3909719987125,1659.0,978.75), 1.703520394258813
frame_1, (1800.0,830.25,1860.0,414.0,1874.8151658767774,258.4407582938389,1877.0682004930154,183.84921939194743,1863.3329141779313,150.13533480037725,1590.0,96.75,612.0,45.0,75.12368685002374,373.2531805944148,158.44939054934048,712.2372933711805,639.0,1023.75,1771.3735637224804,860.5877993158495,1800.0,830.25), 1.7011960642513921
frame_2, (696.4528301886793,1015.4716981132076,1857.0,848.25,1854.0,227.25,1841.8867728531854,166.45091759002764,1825.732135728543,155.27904191616767,1378.606480941835,36.34881687842406,600.0,45.0,140.0840834480568,399.2595573440643,225.22666229937767,948.6701604978709,619.7851239669421,1020.2634297520661,696.4528301886793,1015.4716981132076), 1.694784692281894
frame_3, (1398.0,960.75,1857.0,848.25,1863.0,717.75,1865.5851231011,620.4201152435825,1854.0,227.25,1851.0,162.0,1815.0,31.5,600.0,45.0,183.19832960828137,366.04993530172925,369.0,715.5,639.0,1023.75,1398.0,960.75), 1.6861543953620848
frame_4, (336.0,778.5,638.3731944545257,1023.2426598678958,644.8706240487057,1022.9041095890411,1857.0,848.25,1865.4808575803982,616.8816041347626,1854.0,227.25,1851.0,162.0,1815.0,31.5,717.0,36.0,600.0,45.0,105.06528497409327,354.33419689119177,336.0,778.5), 1.690763473126307
frame_5, (115.12313834403749,404.3024648498524,171.0,531.0,639.0,1023.75,1857.0,848.25,1865.3841956726246,570.6732361241768,1854.0,227.25,1815.0,31.5,600.0,45.0,115.12313834403749,404.3024648498524), 1.6798577070602978
frame_6, (149.48151031529775,861.2210003892565,180.3273630495759,925.6413774458449,1077.0,954.0,1857.0,848.25,1859.5822784810127,777.8022151898734,1854.0,227.25,1815.0,31.5,600.0,45.0,100.10277377415655,575.1329455540194,149.48151031529775,861.2210003892565), 1.6867762147206202
frame_7, (639.0,1023.75,1654.6015930191263,1038.5045025620213,1857.0,848.25,1860.0,819.0,1865.6347826086956,610.5130434782609,1860.0,414.0,1854.0,227.25,1851.6382978723402,175.88297872340425,1823.2265625,158.8359375,1377.0,108.0,1038.8935896335709,78.95215824251265,711.0,99.0,128.72481077702938,352.57145337129367,639.0,1023.75), 1.671780759891649
frame_8, (171.0,531.0,638.9441921902088,1023.6912408156526,1662.0,972.0,1857.0,848.25,1859.5880597014923,778.372388059701,1854.0,227.25,1832.606974552309,119.8734684260132,1776.0,33.75,1749.5751295336788,31.76813471502591,717.0,36.0,600.0,45.0,95.67437185929647,360.2035175879397,171.0,531.0), 1.5826953075768404
frame_9, (1857.0,848.25,1860.0,819.0,1866.0,717.75,1877.2603374131656,187.81037049288787,1861.488997555012,163.81540342298288,1851.0,162.0,1078.399577167019,72.18520084566597,780.0,92.25,711.0,99.0,110.38675862068968,360.55737931034486,279.0,661.5,639.0,1023.75,1652.714935212548,1040.2779609002046,1857.0,848.25), 1.5521696975079748
frame_10, (1851.0,162.0,1844.276740237691,137.62818336162988,1776.0,33.75,1732.964705882353,31.835294117647056,714.0,36.0,669.0,65.25,244.95953757225433,451.7557803468208,638.95900583209,1023.6904923369049,1662.0,972.0,1857.0,848.25,1865.411575562701,618.7717041800622,1865.4713656387667,616.5594713656387,1854.0,227.25,1851.0,162.0), 1.677250628023651
frame_11, (630.0782610284934,1012.0149991166239,753.5806993836727,1017.8990804521935,1662.0,972.0,1857.0,848.25,1859.5822784810127,777.8022151898734,1854.0,227.25,1815.0,31.5,1650.0,33.75,669.0,65.25,125.52664145754555,348.3648160880027,630.0782610284934,1012.0149991166239), 1.6664914474340315
frame_12, (159.0,715.5,534.8406640737163,956.8601764598397,1032.0,994.5,1857.0,848.25,1864.3122420907841,648.7628954607958,1854.0,227.25,1339.4270685243105,26.47732442422519,1245.0,24.75,786.0,22.5,576.0,22.5,118.18795858049316,549.1124465204721,159.0,715.5), 1.6917257053892119
frame_13, (777.084733164858,1010.3720826519993,1032.0,994.5,1857.0,848.25,1867.4295932051855,633.4951944568616,1854.0,227.25,1815.0,31.5,651.0,22.5,576.0,22.5,117.41113797886314,550.0060084203808,211.5770690097852,938.9837389096512,777.084733164858,1010.3720826519993), 1.6936274717638171
frame_14, (1851.0,162.0,651.0,22.5,576.0,22.5,112.00260496475636,556.2273406374502,144.5745212323064,704.0645295587011,450.0,904.5,859.7330951773413,1005.2260525644297,1032.0,994.5,1857.0,848.25,1865.074468085106,681.9893617021348,1866.3692307692309,647.0307692307679,1854.0,227.25,1851.0,162.0), 1.5783481680032483
