frame_0, (1878.0,821.25,1872.0,607.5,1809.0,324.0,1434.0,182.25,1011.0000000000001,49.5,186.0,261.0,84.0,288.0,60.0,393.75,53.12052117263843,507.7773615635179,78.0,668.25,141.0,940.5,324.0,1019.25,1161.0,1041.75,1644.0,1012.5,1851.5804438280165,878.4923717059638,1878.0,821.25), 1.703520394258813
frame_1, (1495.6267691063485,991.8332996360695,1603.3394255874673,975.7656657963446,1644.0,965.25,1878.0,821.25,1875.0,607.5,1809.0,324.0,1110.2312407132245,83.63405460624071,1053.0,87.75,245.99999999999997,180.0,87.0,285.75,45.0,357.75,41.57015696784074,479.68091979326186,133.29007071302297,904.7674431122796,894.1475903614455,1006.1814759036145,915.0,1008.0,1151.1271551724137,1014.7536368534483,1495.6267691063485,991.8332996360695), 1.7011960642513921
frame_2, (87.0,285.75,45.0,357.75,42.0,416.25,41.930835734870314,418.98631123919307,78.0,668.25,195.94778902503998,807.9250133191263,558.0,924.75,957.0,994.5,1459.9413754227735,1019.9868940248027,1770.0,909.0,1875.0,607.5,1809.0,324.0,1272.0,139.5,914.2055661253928,69.14103358258484,378.0,184.5,87.0,285.75), 1.694784692281894
frame_3, (1809.0,324.0,1272.0,137.25,1011.0000000000001,47.25,968.251714503429,40.934912369824744,588.0,78.75,245.99999999999997,180.0,84.0,288.0,60.0,393.75,55.95381789556547,460.81546838100235,59.617818484596164,495.29038301415477,171.0,798.75,247.44540913415796,908.9213249286394,1413.6091370558377,1005.0337200870197,1557.0,987.75,1852.1335261597044,634.8426939552594,1809.0,324.0), 1.6861543953620848
frame_4, (1809.0,324.0,1011.0000000000001,47.25,867.1698113207548,26.002358490566035,657.0,27.0,84.0,288.0,45.0,357.75,43.22695940770998,420.78159305591015,120.0,510.75,435.0,792.0,762.4326077465228,936.9041819996258,983.9999999999999,960.75,1278.0,990.0,1557.0,987.75,1878.0,821.25,1809.0,324.0), 1.690763473126307
frame_5, (1557.0,987.75,1878.0,819.0,1809.0,324.0,1011.0000000000001,47.25,712.8472468916518,26.734902309058615,657.0,27.0,84.0,288.0,60.0,393.75,54.68474898881751,481.85028551034975,171.0,798.75,716.5629426217658,947.6886833357421,1404.0060657118786,1004.4500421229991,1557.0,987.75), 1.6798577070602978
frame_6, (342.0,119.25,93.0,211.5,33.0,378.0,30.24489795918367,513.0,50.921475585489056,892.9321138833615,1278.3698863636364,1006.287890625,1557.0,987.75,1851.0,841.5,1878.0,819.0,1875.0,607.5,1809.0,324.0,1011.0000000000001,47.25,631.4427548317473,34.48462179927401,342.0,119.25), 1.6867762147206202
frame_7, (42.96170937331284,430.2112317787283,315.0,888.75,914.1565152643335,967.177326880119,978.3950029052877,972.711998837885,1557.0,987.75,1878.0,819.0,1875.0,607.5,1809.0,324.0,1272.0,139.5,738.0,58.5,563.535778175313,43.593246869409654,62.53776143907488,139.9894621314869,45.0,357.75,42.96170937331284,430.2112317787283), 1.671780759891649
frame_8, (83.28834569622143,814.7814880270822,1059.0,992.25,1644.0,1010.25,1878.0,819.0,1809.0,324.0,1272.0,139.5,831.5454545454545,22.90909090909091,680.1199207135777,21.978196233894945,603.0,36.0,31.562366431340184,145.9493876107238,31.221570066030814,176.28026412325755,48.64801408726276,604.6803463118764,83.28834569622143,814.7814880270822), 1.5826953075768404
frame_9, (1857.707890180559,673.4261686866189,1809.0,324.0,1272.0,139.5,831.5259467040673,22.903927068723704,680.1603179860881,21.970851275256706,603.0,36.0,35.125334414268345,145.26384272395623,33.057050906963134,446.19909303686364,75.0,668.25,1038.0,922.5,1557.0,987.75,1770.0,909.0,1803.1678321678323,881.3601398601398,1857.707890180559,673.4261686866189), 1.5521696975079748
frame_10, (87.0,285.75,45.0,357.75,43.245570561268735,420.1199665468963,122.99999999999999,510.75,495.5767194513863,865.3402571330436,1644.0,1010.25,1878.0,819.0,1809.0,324.0,1272.0,139.5,918.3795180722891,45.894578313253014,588.0,78.75,87.0,285.75), 1.677250628023651
frame_11, (271.66545032343674,910.917482169514,1246.857352941177,991.2904411764706,1278.0,990.0,1635.0,832.5,1889.3053016453382,482.09095063985376,1893.0,371.25,1809.0,324.0,1272.0,139.5,831.5259467040673,22.903927068723704,680.1603179860881,21.970851275256706,603.0,36.0,35.125334414268345,145.26384272395623,34.16134101623887,285.5248821372446,38.421354353278396,428.1022035112863,271.66545032343674,910.917482169514), 1.6664914474340315
frame_12, (48.0,600.75,78.0,668.25,315.0,888.75,981.0000000000001,963.0,1557.0,987.75,1770.0,909.0,1878.0,821.25,1872.0,607.5,1359.0,186.75,1272.0,139.5,854.5638766519824,29.002202643171806,652.5115089514067,26.286445012787723,57.0,126.0,35.145077720207254,142.39119170984455,32.8721071863581,473.1084043848965,48.0,600.75), 1.6917257053892119
frame_13, (57.0,810.0,923.9638490632422,991.991731902542,1230.4366387967677,1026.614180951936,1769.8662616206718,909.0291523314545,1878.0,821.25,1875.0,607.5,1359.0,186.75,1272.0,139.5,854.5638766519824,29.00220264317181,652.7246577236897,26.289309915640988,60.0,126.0,35.142413257379594,142.77887105126877,30.729050279329606,784.9231843575419,57.0,810.0), 1.6936274717638171
frame_14, (1557.0,987.75,1878.0,819.0,1872.0,607.5,1761.0,328.5,1272.0,139.5,836.1332698714898,24.123512613041406,643.5859519408504,23.714417744916823,564.0,31.5,67.05882352941177,124.67647058823529,30.0,891.0,832.1798083813267,988.8159120464979,1557.0,987.75), 1.5783481680032483
