frame_0, (45.0,234.0,1230.0,58.5,1386.0,76.5,1668.0,236.25,1836.0,402.75,1848.0,965.25,534.0,1035.0,84.0,708.75,45.0,234.0), 2.8216122252928373
frame_1, (228.0,933.75,84.0,771.75,84.0,715.5,201.0,436.5,651.0,213.75,1230.0,58.5,1359.0,29.25,1767.0,270.0,1836.0,402.75,1884.0,974.25,228.0,933.75), 2.4914013086927804
frame_2, (84.0,717.75,87.0,211.5,1359.0,29.25,1836.0,402.75,1881.0,972.0,1368.0,938.25,456.0,837.0,369.0,816.75,84.0,717.75), 2.885459548706659
frame_3, (372.0,816.75,531.0,294.75,651.0,213.75,1230.0,58.5,1323.0,69.75,1356.0,78.75,1836.0,402.75,1866.0,769.5,1368.0,938.25,372.0,816.75), 2.9122944912047304
frame_4, (1359.0,27.0,1836.0,402.75,1569.0,558.0,927.0,774.0,747.0,810.0,456.0,837.0,372.0,839.25,279.0,801.0,204.0,436.5,651.0,213.75,1359.0,27.0), 2.8923162643415803
frame_5, (1845.0,965.25,168.0,972.0,201.0,436.5,506.99999999999994,108.0,1323.0,69.75,1386.0,76.5,1836.0,402.75,1845.0,965.25), 2.8733895729688035
frame_6, (1884.0,974.25,168.0,969.75,204.0,436.5,744.0,162.0,945.0,117.0,1230.0,58.5,1386.0,76.5,1836.0,402.75,1884.0,974.25), 2.902909758855863
frame_7, (24.0,573.75,45.0,234.0,1005.0,60.75,1404.0,112.5,1884.0,198.0,1836.0,402.75,1695.0,933.75,1116.0,1059.75,573.0,1050.75,69.0,1026.0,33.0,830.25,24.0,573.75), 2.7999789048830523
frame_8, (267.0,146.25,1323.0,69.75,1386.0,76.5,1767.0,270.0,1836.0,402.75,1863.0,769.5,1779.0,949.5,1368.0,940.5,372.0,819.0,279.0,798.75,78.0,643.5,45.0,234.0,87.0,211.5,267.0,146.25), 2.90498465885873
frame_9, (84.0,715.5,87.0,211.5,267.0,146.25,1230.0,58.5,1386.0,76.5,1836.0,402.75,1863.0,769.5,1845.0,965.25,288.0,841.5,87.0,769.5,84.0,715.5), 2.903086572709642
frame_10, (462.0,821.25,204.0,436.5,651.0,213.75,1230.0,58.5,1359.0,27.0,1836.0,402.75,1881.0,864.0,1845.0,965.25,1368.0,940.5,462.0,821.25), 2.861187873099075
frame_11, (402.0,983.25,204.0,436.5,624.0,209.25,915.0,126.0,1230.0,58.5,1404.0,47.25,1836.0,402.75,1881.0,864.0,1368.0,940.5,402.0,983.25), 2.8608990375007077
frame_12, (84.0,715.5,204.0,436.5,648.0,213.75,681.0,200.25,1164.0,101.25,1323.0,69.75,1386.0,76.5,1836.0,362.25,1857.0,769.5,1845.0,965.25,1638.0,1048.5,288.0,839.25,87.0,769.5,84.0,715.5), 2.659342275785635
frame_13, (45.0,234.0,1323.0,69.75,1386.0,76.5,1836.0,402.75,1860.0,769.5,1782.0,1008.0,381.0,861.75,87.0,769.5,45.0,234.0), 2.710088695019523
frame_14, (1836.0,362.25,1881.0,972.0,1206.0,936.0,381.0,861.75,87.0,769.5,54.0,679.5,204.0,436.5,264.0,369.0,651.0,213.75,1164.0,101.25,1323.0,69.75,1356.0,78.75,1836.0,362.25), 2.8865537225516826
