frame_0, (750.0,927.0,195.0,351.0,159.0,263.25,147.0,220.5,141.0,22.5,471.0,18.0,1206.0,18.0,1635.0,101.25,1887.0,310.5,1875.0,542.25,1797.0,726.75,1599.0,942.75,1500.0,1030.5,1077.0,994.5,750.0,927.0), 2.8216122252928373
frame_1, (1857.0,414.0,1521.0,1021.5,1077.0,994.5,528.0,942.75,231.0,432.0,375.0,213.75,579.0,85.5,735.0,51.75,1329.0,24.75,1839.0,29.25,1857.0,414.0), 2.4914013086927804
frame_2, (1839.0,29.25,1881.0,351.0,1878.0,693.0,1812.0,893.25,1440.0,1057.5,1077.0,994.5,750.0,927.0,207.0,326.25,174.0,218.25,288.0,159.75,444.0,90.0,804.0,24.75,1056.0,22.5,1593.0,22.5,1839.0,29.25), 2.885459548706659
frame_3, (750.0,927.0,207.0,326.25,288.0,159.75,444.0,90.0,636.0,38.25,735.0,29.25,804.0,24.75,1056.0,22.5,1242.0,27.0,1614.0,175.5,1854.0,301.5,1878.0,371.25,1878.0,693.0,1437.0,1057.5,1074.0,994.5,750.0,927.0), 2.9122944912047304
frame_4, (1818.0,42.75,1881.0,351.0,1875.0,542.25,1797.0,726.75,1437.0,1057.5,1074.0,994.5,750.0,927.0,399.0,681.75,174.0,218.25,465.0,56.25,636.0,38.25,804.0,24.75,1206.0,18.0,1818.0,42.75), 2.8923162643415803
frame_5, (660.0,1055.25,36.0,168.75,465.0,56.25,636.0,38.25,804.0,24.75,1206.0,18.0,1887.0,310.5,1878.0,693.0,1437.0,1057.5,660.0,1055.25), 2.8733895729688035
frame_6, (1206.0,18.0,1593.0,29.25,1878.0,371.25,1878.0,693.0,1437.0,1057.5,1074.0,994.5,750.0,927.0,399.0,681.75,207.0,328.5,249.00000000000003,146.25,465.0,54.0,636.0,38.25,804.0,24.75,1206.0,18.0), 2.902909758855863
frame_7, (1878.0,693.0,1440.0,1057.5,1077.0,994.5,750.0,927.0,399.0,681.75,207.0,326.25,180.0,261.0,144.0,101.25,303.0,31.5,1206.0,18.0,1593.0,24.75,1830.0,292.5,1878.0,371.25,1878.0,693.0), 2.7999789048830523
frame_8, (1593.0,29.25,1887.0,310.5,1875.0,542.25,1818.0,621.0,1437.0,1057.5,1074.0,994.5,750.0,927.0,369.0,785.25,315.0,623.25,288.0,159.75,444.0,90.0,696.0,18.0,1593.0,29.25), 2.90498465885873
frame_9, (1821.0,621.0,1416.0,1039.5,1074.0,994.5,750.0,927.0,399.0,681.75,174.0,218.25,465.0,56.25,633.0,38.25,1053.0,22.5,1239.0,27.0,1638.0,108.0,1887.0,310.5,1878.0,371.25,1821.0,621.0), 2.903086572709642
frame_10, (1881.0,351.0,1881.0,693.0,1500.0,1030.5,1437.0,1057.5,1074.0,994.5,750.0,927.0,399.0,681.75,159.0,263.25,147.0,220.5,465.0,56.25,636.0,38.25,804.0,24.75,1206.0,18.0,1239.0,27.0,1830.0,292.5,1881.0,351.0), 2.861187873099075
frame_11, (1887.0,310.5,1845.0,877.5,1635.0,969.75,1074.0,994.5,750.0,927.0,399.0,681.75,174.0,218.25,288.0,159.75,447.0,90.0,696.0,18.0,1206.0,18.0,1239.0,27.0,1611.0,166.5,1887.0,310.5), 2.8608990375007077
frame_12, (1635.0,969.75,1074.0,994.5,750.0,927.0,399.0,681.75,159.0,261.0,147.0,220.5,183.0,20.25,696.0,18.0,1206.0,18.0,1239.0,27.0,1830.0,292.5,1881.0,351.0,1878.0,371.25,1830.0,657.0,1797.0,726.75,1635.0,969.75), 2.659342275785635
frame_13, (1878.0,371.25,1797.0,726.75,1599.0,945.0,1500.0,1030.5,1077.0,994.5,750.0,927.0,399.0,681.75,159.0,261.0,147.0,220.5,207.0,128.25,465.0,56.25,624.0,40.5,804.0,24.75,1206.0,18.0,1593.0,24.75,1854.0,301.5,1878.0,371.25), 2.710088695019523
frame_14, (1797.0,726.75,1500.0,1030.5,750.0,927.0,399.0,681.75,285.0,315.0,249.00000000000003,146.25,444.0,90.0,804.0,24.75,1053.0,22.5,1593.0,29.25,1695.0,94.5,1830.0,292.5,1878.0,371.25,1878.0,544.5,1854.0,605.25,1797.0,726.75), 2.8865537225516826
