frame_0, (1344.0,846.0,1593.0,373.5,1587.0,328.5,1315.6588092468005,173.9862663766503,135.0,121.5,33.0,236.25,45.0,267.75,72.0,292.5,624.0,648.0,1309.4120001906304,859.4568936758327,1344.0,846.0), 1.6576094925055318
frame_1, (1362.0,211.5,1263.0,144.0,918.5535455861071,97.03002894356005,580.1871503915615,115.56125139843375,459.0,141.75,85.512205850011,224.60116560369477,72.0,292.5,48.0,1003.5,1331.725968428454,890.7735833865609,1362.0,211.5), 1.643264962950861
frame_2, (1296.0,414.0,1263.0,144.0,973.6625386996905,104.54489164086687,546.8671036948749,122.76176996424314,459.0,141.75,33.0,236.25,45.0,267.75,84.0,299.25,1326.0,1019.25,1296.0,414.0), 1.6650525481714729
frame_3, (1230.0,119.25,900.0,92.25,636.0,103.5,33.0,236.25,45.0,288.0,1328.9362242550294,952.6344122140215,1362.0,202.5,1230.0,119.25), 1.5191282559831714
frame_4, (1614.0,866.25,1588.5254332377508,65.92402755267422,900.0,92.25,585.0,132.75,447.0,157.5,68.54545454545456,229.48863636363635,45.0,267.75,624.0,648.0,1531.0544637196704,875.4592098438131,1614.0,866.25), 1.5678726773317144
frame_5, (1536.0,60.75,990.7732851985559,84.39205776173286,900.0,94.5,585.0,132.75,447.0,157.5,33.0,236.25,87.0,299.25,1247.9210120025898,973.8772224712385,1347.2051654091701,944.687681369704,1557.0,207.0,1578.0298029971375,78.84963798619295,1578.0,78.75,1536.0,60.75), 1.646465106419728
frame_6, (1239.0,976.5,1725.0,301.5,1230.0,119.25,1201.604938271605,117.12037037037037,33.0,236.25,87.0,299.25,585.0,780.75,1196.194223682458,977.4704080273499,1239.0,976.5), 1.6568538570413358
frame_7, (1725.0,301.5,1230.0,119.25,959.0994657847875,97.08541083693716,842.4346570397112,100.54169675090255,447.0,157.5,33.0,236.25,87.0,299.25,624.0,648.0,1326.0,1019.25,1725.0,301.5), 1.6310925778222487
frame_8, (1725.0,301.5,1263.0,144.0,900.0,94.5,615.0,117.0,459.0,141.75,33.0,236.25,87.0,299.25,624.0,648.0,1330.622586368855,1010.9345579793342,1725.0,301.5), 1.6026061668736964
frame_9, (1455.0,247.5,1452.0,164.25,1230.0,119.25,924.0,114.75,633.0,137.25,447.0,157.5,79.80838450137625,227.34623120897731,70.69186671443927,262.5099426728771,624.0,648.0,1125.3375376236204,913.1304285509531,1272.0,846.0,1455.0,247.5), 1.614850309914054
frame_10, (72.0,978.75,1116.0293711560184,1012.4686519392494,1272.0,846.0,1455.0,247.5,1230.0,119.25,900.0,94.5,447.0,157.5,33.0,236.25,72.0,978.75), 1.5413146380102387
frame_11, (1119.0,990.0,1142.8951639615766,993.376490559788,1347.0,848.25,1725.0,301.5,1263.0,144.0,1186.1180981595094,133.5161042944785,129.0,281.25,86.98314652116555,795.4036017804741,1119.0,990.0), 1.5996192312620896
frame_12, (414.0,198.0,255.11521340665095,461.3615475255302,585.0,780.75,1247.931632921378,994.1227320536418,1335.3998044965788,985.3225806451612,1566.0,153.0,1572.1415785191214,115.2292921074044,1542.0,36.0,1291.4352997145575,51.22621313035205,900.0,92.25,528.651453021929,145.7389463362453,444.0,177.75,414.0,198.0), 1.628617480081557
frame_13, (87.0,301.5,624.0,648.0,1397.8929072113249,752.2501367723993,1460.7424713746773,518.8359421536833,1362.0,211.5,1311.0,148.5,900.0,94.5,543.0,139.5,447.0,157.5,33.0,236.25,87.0,301.5), 1.638978123924181
frame_14, (35.42373763664758,292.3746746486205,57.0,792.0,1208.076691148048,998.1325280247391,1334.849454176187,985.3779512566641,1573.3977687305028,72.31371279014434,1512.0,29.25,602.55,101.8125,45.0,267.75,35.42373763664758,292.3746746486205), 1.6496731964447675
