frame_0, 
(1824.0,36.0,1770.4323374340947,33.78558875219684,1569.0,40.5,913.6307097680956,71.83239634574842,564.0,117.0,108.0,207.0,646.7885364729543,769.9046172539489,1860.0,281.25,1847.5990783410139,133.76761026991443,1824.0,36.0), 1.6576094925055318
frame_1, 
(648.0,132.75,537.0,186.75,549.0,292.5,684.0,515.25,804.0,562.5,1338.6153273809523,762.1690848214286,1842.0,758.25,1850.695576756288,229.9937120555074,1806.0,184.5,1605.0,56.25,1470.9038598999286,26.292351679771265,1191.0,36.0,648.0,132.75), 1.643264962950861
frame_10, 
(1643.700663088096,28.604910009472686,1415.0911930043724,27.90365396627108,1308.0,31.5,1191.0,36.0,807.0,74.25,609.0,117.0,594.0,229.5,717.0,362.25,837.0,490.5,1455.6085914564737,882.653660655443,1888.6265327016026,746.1288957405776,1885.6569037656902,647.7599372384938,1848.9084061464296,162.3735311840916,1824.0,36.0,1643.700663088096,28.604910009472686), 1.5413146380102387
frame_11, 
(594.0,229.5,723.0,652.5,1250.805481904029,844.9669990046589,1842.359417106134,754.3016973782056,1861.988824585911,538.6668828577133,1818.0,211.5,1689.0,105.75,1007.2321420564101,63.33587058876284,594.0,229.5), 1.5996192312620896
frame_12, 
(1642.6630764052509,28.56235274318411,1119.0679515819004,26.858680970440023,609.0,117.0,609.0,328.5,648.0,371.25,1163.4117305795673,838.3418808377328,1818.0,211.5,1840.8594059405941,95.77425742574253,1824.0,36.0,1642.6630764052509,28.56235274318411), 1.628617480081557
frame_13, 
(1608.828931328728,27.174624136529864,1153.831013916501,23.32306163021869,1131.0,24.75,609.0,328.5,648.0,371.25,870.4692098092644,572.8627213896457,1443.0,378.0,1782.0,238.5,1818.0,211.5,1840.8594059405941,95.77425742574253,1824.0,36.0,1608.828931328728,27.174624136529864), 1.638978123924181
frame_14, 
(1891.500317998728,580.5658257366971,1847.344109589041,118.7654794520548,1824.0,36.0,1608.828931328728,27.174624136529864,1124.1642994593603,23.07193255750023,885.0,186.75,789.0,393.75,837.0,490.5,1364.035647700594,846.4130774409612,1891.5793327346823,596.9218760792983,1891.500317998728,580.5658257366971), 1.6496731964447675
frame_2, 
(1605.0,56.25,1470.519592476489,26.206504702194362,1287.0,24.75,1191.0,36.0,648.0,132.75,537.0,186.75,684.0,515.25,804.0,562.5,1340.1192675039483,716.1997217417463,1860.0,281.25,1859.109347442681,243.84259259259258,1797.0,191.25,1605.0,56.25), 1.6650525481714729
frame_3, 
(1669.889423076923,27.695012019230766,1193.620253164557,23.67246835443038,573.0,101.25,606.0,328.5,666.0,459.0,1187.2907348242811,669.5212582944213,1782.0,238.5,1818.0,211.5,1846.5662514156286,66.88335220838051,1839.0,31.5,1669.889423076923,27.695012019230766), 1.5191282559831714
frame_4, 
(1635.728417266187,81.38444244604317,1594.221449851043,51.75446871896724,1503.037059913527,32.7577208153181,1161.9820971867007,27.627237851662407,573.0,101.25,549.0,315.0,837.0,490.5,956.6877845713542,543.517948321842,1443.0,378.0,1793.7930214115784,222.24789849325933,1635.728417266187,81.38444244604317), 1.5678726773317144
frame_5, 
(529.6783453887884,217.96518987341773,606.0,328.5,849.0,513.0,997.4696375710057,604.1471867749419,1782.0,238.5,1818.0,211.5,1797.0,191.25,1554.0,49.5,1476.1489001692048,28.090947546531304,1115.0756866888016,26.983361002112886,707.0184824902724,56.563715953307394,501.0,87.75,529.6783453887884,217.96518987341773), 1.646465106419728
frame_6, 
(570.0,180.0,606.0,328.5,702.0,578.25,1041.253853413023,727.3160871057222,1158.0,690.75,1782.0,238.5,1818.0,211.5,1746.0,121.5,1023.8833313588436,70.09103186826206,570.0,180.0), 1.6568538570413358
frame_7, 
(1191.0,36.0,624.0,175.5,606.0,328.5,723.0,652.5,818.7831887925284,687.4278352234822,1782.0,238.5,1818.0,211.5,1846.5662514156286,66.88335220838051,1839.0,31.5,1748.3975240715267,28.926066024759283,1423.6845937059652,27.930014091122594,1191.0,36.0), 1.6310925778222487
frame_8, 
(1608.97244732577,27.18051053484603,1477.3488793298618,26.068824994340048,1191.0,36.0,609.0,117.0,594.0,229.5,723.0,652.5,821.992600285603,676.764247695703,1782.0,238.5,1818.0,211.5,1840.8594059405941,95.77425742574252,1824.0,36.0,1608.97244732577,27.18051053484603), 1.6026061668736964
frame_9, 
(1191.0,36.0,609.0,117.0,570.0,182.25,849.0,510.75,987.9993429095355,602.5997860635696,1818.0,211.5,1827.0486696950031,165.69110966904597,1761.0,56.25,1728.7933884297522,32.095041322314046,1608.97244732577,27.18051053484603,1477.3488793298618,26.068824994340048,1191.0,36.0), 1.614850309914054
