frame_0, (1749.899488926746,875.7789608177173,1813.721476510067,381.1585570469798,1650.0,294.75,1648.6679481018741,294.05370014416144,1263.0,218.25,804.0566037735849,132.19811320754718,468.8610271903323,129.91268882175225,228.0,193.5,102.0,418.5,84.6086956521739,481.54347826086956,99.0,553.5,393.0,920.25,540.0,976.5,621.0,1003.5,708.0,1030.5,1732.680957128614,930.2594715852442,1749.899488926746,875.7789608177173), 1.6576094925055318
frame_1, (1692.9050461204558,301.08613673358656,1690.6711956521738,299.8451086956522,909.1315789473683,123.36842105263158,826.2295163702843,117.53024763171017,270.0,198.0,57.48717948717948,646.2692307692307,59.14858415526567,797.6647311485841,81.0,807.75,708.0,1030.5,1732.4925668979188,930.855550049554,1752.4123222748813,867.8281990521327,1758.0,767.25,1692.9050461204558,301.08613673358656), 1.643264962950861
frame_2, (1698.0,301.5,1347.6560196560197,171.7297297297297,1266.0,148.5,717.9937189217483,109.908008374771,425.9272517321017,206.05860277136253,84.0,481.5,67.16116629285486,547.304389618712,72.0,627.75,677.5897172236504,1011.2425449871465,1749.598293104965,876.7319632225708,1848.3027986252368,564.4247387248372,1807.227533460803,342.4603250478012,1698.0,301.5), 1.6650525481714729
frame_3, (1828.2879029684007,519.3598587615703,1798.5904897090134,361.3603397799858,1690.418585111746,296.16745084859684,1291.9910784499825,162.24783740542887,1138.4767945544554,147.1529238861386,627.0,141.75,494.04117889287613,162.6993940820048,168.0,474.75,71.04965379008748,632.5521592565598,81.0,810.0,540.0,976.5,647.8187919463088,1011.1560402684564,1732.6148203874366,930.4687323678766,1774.2420701168614,798.7575125208682,1828.2879029684007,519.3598587615703), 1.5191282559831714
frame_4, (381.0,839.25,708.0,1030.5,1710.0,972.0,1722.1519599069268,963.5738768569894,1839.3763555177547,592.6685626196045,1815.0,371.25,1700.597855227882,302.3022788203753,1698.0,301.5,1497.0,249.75,630.453629775212,99.26753470089669,627.0,99.0,270.0,200.25,142.43381180223287,275.99242424242425,73.47218645377285,628.7576616018542,381.0,839.25), 1.5678726773317144
frame_5, (1503.0,805.5,1785.0,654.75,1811.1811505507956,585.7077723378214,1803.0,486.0,1764.0,362.25,1701.607879924953,302.9774859287054,1700.3766990291263,302.23398058252434,1698.0,301.5,1497.0,249.75,1164.0,200.25,924.0,200.25,648.0,310.5,108.37961209081449,652.6506082757517,381.0,839.25,708.0,1030.5,1503.0,805.5), 1.646465106419728
frame_6, (1659.0,292.5,1164.0,200.25,382.33846153846156,200.25,251.27944946700848,248.6524760491162,122.93069306930691,580.5015633142261,381.0,839.25,540.0,976.5,708.0,1030.5,1725.6406007672845,952.5355991347645,1828.0377676208805,628.5445633870579,1803.0,486.0,1672.4412532637075,295.6018276762402,1659.0,292.5), 1.6568538570413358
frame_7, (1827.294167991197,630.8973590903536,1803.0,486.0,1653.6378548895898,284.9749211356467,1193.7385241138873,134.07045322486925,920.7390941928313,117.17692414559598,412.8475862068966,182.0141379310345,247.97859346082666,245.92402837754474,99.45885843729064,553.9649602782121,381.0,839.25,540.0,976.5,708.0,1030.5,1725.0,924.75,1735.9715544136538,919.8478161130482,1827.294167991197,630.8973590903536), 1.6310925778222487
frame_8, (1785.0,654.75,1809.0134018315837,544.5708621844985,1809.0,544.5,1648.3877982107356,282.20991240059635,1293.1846547986602,163.21685935755107,627.0,99.0,159.0,191.25,84.14128728414443,482.17817896389323,99.0,553.5,369.0,913.5,1723.699283265815,928.9612418198815,1785.0,654.75), 1.6026061668736964
frame_9, (1855.3197254970967,404.3427767024459,1709.6875439831103,332.2336382828992,1566.0,279.0,489.0,159.75,314.0714610832954,224.3542899408284,60.0,355.5,58.79860302677532,384.4837019790454,106.8099173553719,944.6157024793389,243.14563106796115,964.0922330097087,543.0,976.5,1732.0542546266158,932.2423974704733,1859.070126227209,530.3562412342216,1855.3197254970967,404.3427767024459), 1.614850309914054
frame_10, (1709.6875439831103,332.23363828289934,1566.0,279.0,831.0,193.5,489.0,157.5,142.26086956521738,293.80434782608694,60.0,355.5,59.87486965589155,357.87434827945776,99.0,553.5,708.0,1030.5,1731.6798911612393,933.4269068726411,1859.0908974523109,530.2905197797977,1855.3257324671881,404.3457510274427,1709.6875439831103,332.23363828289934), 1.5413146380102387
frame_11, (381.0,839.25,1730.315278647464,928.0207420162806,1857.6715524360031,482.81342898431046,1855.1755339078306,399.3216092169352,1779.4032716927454,358.06205547652917,1566.0,279.0,831.0,193.5,696.6479879022096,180.24157775350753,138.93958618930725,588.1766984410368,381.0,839.25), 1.5996192312620896
frame_12, (1407.7206946454412,203.28519743642752,1245.370624900112,148.35472271056415,627.0,144.0,491.99999999999994,159.75,382.0696300901461,179.80486478085174,125.63723795927567,631.1465549628072,245.99999999999997,1012.5,876.6998415213947,1020.3024722662441,1713.0,969.75,1714.8715796270885,967.8466986843167,1795.3077855195395,604.5431687367465,1654.1209789327615,328.39838526554814,1407.7206946454412,203.28519743642752), 1.628617480081557
frame_13, (686.2991773819984,999.6691957511381,969.0173410404627,956.6271676300577,1503.0,805.5,1799.7227112676055,514.4834947183099,1803.0,486.0,1679.5511695008902,319.851402787157,1509.8256770310932,237.8319959879639,1267.460524437253,155.82874886974727,491.99999999999994,157.5,249.9913782485528,251.98281808104448,60.0,743.2105263157895,60.0,835.7727272727273,101.40043418196171,941.626110124334,528.8784469804655,1004.256609673882,686.2991773819984,999.6691957511381), 1.638978123924181
frame_14, (470.0007249003262,973.4793403407032,543.0,976.5,834.8350113673271,974.8163364728808,1569.0,652.5,1602.0,627.75,1786.8342978622888,464.24273650643676,1679.995298446443,320.449151676206,1456.8782742681049,212.39676425269644,1397.7841537665647,193.20058498149547,510.0,202.5,321.95876288659787,254.45876288659795,60.0,355.5,54.889037881327525,409.5135769359705,60.0,875.25,470.0007249003262,973.4793403407032), 1.6496731964447675
