frame_0, (33.0,720.0,237.07880910683016,948.7657618213661,615.8275862068965,1024.5155172413793,663.0,1028.25,1354.5593836935589,970.3340466509736,1671.0,922.5,1870.9884054506335,756.2934197944061,1869.0,420.75,1562.2007186858316,119.06404004106778,1173.0,56.25,1140.0,56.25,48.0,191.25,33.0,405.0,33.0,720.0), 1.6576094925055318
frame_1, (1685.4682573498085,241.9023221133362,628.9096734658145,68.29209927339579,192.0,92.25,84.0,270.0,54.0,387.0,33.0,720.0,204.0,873.0,761.2263883975946,945.2443402900602,845.9999999999997,943.1250000000001,1458.0,834.75,1869.8210999358014,743.1553070832442,1868.4309303262185,625.8597462746683,1811.709222714458,366.9656665324203,1685.4682573498085,241.9023221133362), 1.643264962950861
frame_2, (33.0,720.0,207.0,873.0,321.0,956.25,709.4036030580576,1012.3864582544849,1809.0,724.5,1792.0244888789039,348.0074140642553,1682.6483343808923,240.45419547454432,641.0513604548387,59.56617137669908,366.0,72.0,60.0,130.5,39.54090150250417,227.16924040066777,33.0,405.0,33.0,720.0), 1.6650525481714729
frame_3, (1092.0,915.75,1458.0,834.75,1809.0,724.5,1801.8998569384837,567.0289699570816,1588.3670399001628,225.9469702222068,589.8825068606803,61.879283936434994,366.0,72.0,225.0,94.5,81.0,150.75,29.263697927354812,506.096706341063,30.27718614069296,564.1189065546722,117.0,866.25,181.32134831460675,900.1213483146067,358.98902221087565,954.2544677048762,1092.0,915.75), 1.5191282559831714
frame_4, (81.0,708.75,117.0,866.25,421.3339450383079,953.558918658531,1458.0,834.75,1809.0,724.5,1793.6181304044915,383.3521064710462,1464.0,22.5,366.0,72.0,30.0,272.25,29.018587360594797,316.41356877323415,33.0,405.0,81.0,708.75), 1.5678726773317144
frame_5, (80.33248407643312,664.9060509554141,114.0,738.0,204.0,873.0,592.5981308411215,996.0140186915887,831.2935560859191,1030.1133651551313,924.9852216748768,1036.270935960591,1489.4149159663866,971.1444327731092,1746.0,812.25,1809.0,724.5,1788.0,258.75,1784.452162795653,237.72906456424462,1464.0,22.5,366.0,90.0,38.04322694144257,267.88726752953005,33.0,405.0,80.33248407643312,664.9060509554141), 1.646465106419728
frame_6, (114.0,738.0,204.0,873.0,533.7968541722207,952.2369065218973,1528.1949602326047,933.4837507499653,1809.0,724.5,1788.0,258.75,641.6375447570333,73.00864450127878,366.0,90.0,38.04322694144257,267.88726752953005,36.54746317512275,308.55334492635023,114.0,738.0), 1.6568538570413358
frame_7, (114.0,738.0,204.0,873.0,509.32546599930964,946.3574171556783,1092.0,915.75,1458.0,834.75,1809.0,724.5,1792.0244888789039,348.0074140642553,1683.8507106912687,241.63653217974752,589.8825068606803,61.879283936434994,366.0,72.0,102.0,193.5,38.213173652694614,263.2668413173652,36.54746317512275,308.55334492635023,114.0,738.0), 1.6310925778222487
frame_8, (952.3489461358319,1033.1135831381732,1475.4220183486239,972.7589978828511,1809.0,724.5,1792.0244888789039,348.0074140642553,1683.8507106912687,241.63653217974752,589.8825068606803,61.879283936434994,366.0,72.0,78.0,191.25,38.40441176470588,258.06755514705884,36.54746317512275,308.55334492635023,114.0,738.0,204.0,873.0,520.9094650205756,955.9645061728394,880.9049305366386,1035.9250374557341,952.3489461358319,1033.1135831381732), 1.6026061668736964
frame_9, (1458.0,834.75,1736.223674548392,772.8692172125128,1773.0,688.5,1830.4546952224052,452.5253589079784,1822.175455889601,414.73654509610645,1659.3469281499479,237.90476397084345,576.6429565178986,62.47778415741006,366.0,72.0,102.0,193.5,38.213173652694614,263.2668413173652,36.54746317512275,308.55334492635023,114.0,738.0,204.0,873.0,321.0,915.75,419.1597727133867,945.7606311480419,1458.0,834.75), 1.614850309914054
frame_10, (1773.0,688.5,1801.2651488616461,601.9857267950964,1788.0,258.75,641.8452585150699,73.04229968145063,366.0,90.0,102.0,193.5,30.0,272.25,29.018587360594797,316.41356877323415,33.0,405.0,117.0,866.25,471.2346487347373,951.4877123517962,1753.409250090569,733.4434850863422,1773.0,688.5), 1.5413146380102387
frame_11, (1092.0,915.75,1750.6273584905662,739.3319575471698,1773.0,688.5,1800.1421116017666,572.9271376957046,1788.0,258.75,631.1136921079209,60.0481532246429,366.0,72.0,48.0,191.25,33.0,722.25,519.040268456376,955.5493288590604,550.374150575254,962.5090661373881,1092.0,915.75), 1.5996192312620896
frame_12, (1546.5908918636205,918.302146657975,1809.0,724.5,1794.7244953857823,407.8897012346719,1498.0718116805722,62.203516090584024,1458.0,51.75,1168.5110294117649,40.61580882352941,363.0,90.0,213.0,119.25,78.0,191.25,44.13861386138614,246.2747524752475,37.139534883720934,346.01162790697674,114.0,738.0,147.75613747954174,868.6362520458265,204.0,873.0,1546.5908918636205,918.302146657975), 1.628617480081557
frame_13, (726.2698904792259,998.4804282320217,1326.0,965.25,1499.4785186579454,953.0969719072044,1792.8840324091937,736.4024417130574,1773.0,688.5,1553.6349085365853,220.23990091463412,652.652728561304,72.19347980155918,363.0,90.0,213.0,119.25,48.0,191.25,42.529080675422136,211.25304878048783,39.76628352490421,359.40804597701145,114.0,738.0,132.62451567453328,810.0768756604438,204.0,873.0,726.2698904792259,998.4804282320217), 1.638978123924181
frame_14, (1507.4278050623348,947.2260294673215,1787.7395094436372,740.2019271857106,1478.5192921380913,54.687989556135776,1458.0,51.75,1111.120754716981,38.40849056603774,366.0,72.0,102.0,193.5,65.304531085353,341.4286090621707,107.17720907774022,704.823635924674,122.99999999999999,735.75,257.86617100371745,885.94187225414,616.1245000952199,972.0169253475528,1153.5035035814387,1000.7262145748988,1507.4278050623348,947.2260294673215), 1.6496731964447675
