frame_0, (1026.0,956.25,267.0,857.25,132.0,794.25,36.0,688.5,198.0,249.75,300.0,45.0,654.0,18.0,1374.0,22.5,1845.0,213.75,1758.0,893.25,1749.0,936.0,1026.0,956.25), 2.9193688940611784
frame_1, (1689.0,132.75,1881.0,729.0,1425.0,900.0,279.0,675.0,33.0,576.0,96.0,353.25,198.0,249.75,417.0,126.0,654.0,18.0,1338.0,20.25,1689.0,132.75), 2.998998976095549
frame_2, (654.0,18.0,1842.0,18.0,1812.0,330.75,735.0,684.0,279.0,675.0,33.0,576.0,198.0,249.75,417.0,126.0,654.0,18.0), 2.949852623553928
frame_3, (1758.0,508.5,1749.0,936.0,279.0,675.0,36.0,576.0,198.0,249.75,417.0,126.0,654.0,18.0,1338.0,18.0,1371.0,22.5,1659.0,139.5,1758.0,508.5), 2.6580294364612875
frame_4, (1503.0,83.25,1749.0,936.0,279.0,675.0,36.0,576.0,198.0,249.75,432.0,126.0,654.0,18.0,1503.0,83.25), 2.931603668083203
frame_5, (1758.0,508.5,1749.0,936.0,1026.0,956.25,279.0,675.0,36.0,576.0,183.0,99.0,654.0,18.0,1338.0,18.0,1686.0,132.75,1758.0,508.5), 2.925326581995969
frame_6, (1710.0,135.0,1758.0,508.5,1110.0,639.0,279.0,675.0,36.0,576.0,183.0,99.0,654.0,18.0,1275.0,22.5,1710.0,135.0), 2.8936332264914517
frame_7, (48.0,1023.75,36.0,576.0,39.0,335.25,105.0,213.75,186.0,99.0,549.0,51.75,1038.0,24.75,1299.0,27.0,1779.0,438.75,1881.0,729.0,1860.0,819.0,1758.0,987.75,333.0,1035.0,48.0,1023.75), 2.922073922972636
frame_8, (36.0,576.0,654.0,18.0,1338.0,18.0,1689.0,132.75,1779.0,438.75,1026.0,956.25,36.0,576.0), 2.898951158908929
frame_9, (1758.0,508.5,279.0,675.0,111.0,474.75,102.0,380.25,183.0,99.0,1338.0,18.0,1503.0,83.25,1758.0,508.5), 2.9235811482414475
frame_10, (279.0,675.0,36.0,576.0,102.0,380.25,198.0,249.75,555.0,114.75,819.0,69.75,1338.0,18.0,1593.0,234.0,1758.0,508.5,1881.0,729.0,279.0,675.0), 2.9381032604698243
frame_11, (111.0,477.0,654.0,18.0,789.0,22.5,1503.0,83.25,1758.0,508.5,1749.0,936.0,1425.0,900.0,279.0,675.0,111.0,477.0), 2.89050042554951
frame_12, (654.0,18.0,1338.0,18.0,1659.0,139.5,1812.0,333.0,1878.0,866.25,1749.0,936.0,279.0,675.0,33.0,576.0,39.0,335.25,654.0,18.0), 2.5716449179972054
frame_13, (33.0,576.0,654.0,18.0,1503.0,83.25,1593.0,231.75,1602.0,276.75,1584.0,711.0,1428.0,900.0,279.0,675.0,33.0,576.0), 2.9262062051446986
frame_14, (33.0,576.0,654.0,18.0,1503.0,83.25,1845.0,216.0,1860.0,819.0,279.0,675.0,33.0,576.0), 2.937992125294811
