frame_0, (234.0,164.25,549.0,60.75,1083.0,60.75,1221.0,105.75,1794.0,330.75,1803.0,794.25,1692.0,1044.0,339.0,1026.0,245.99999999999997,906.75,210.0,832.5,84.0,567.0,102.0,330.75,234.0,164.25), 2.9193688940611784
frame_1, (42.0,47.25,600.0,18.0,998.9999999999999,18.0,1347.0,45.0,1698.0,650.25,1887.0,1048.5,273.0,897.75,120.0,643.5,84.0,567.0,42.0,47.25), 2.998998976095549
frame_2, (126.0,814.5,84.0,567.0,122.99999999999999,317.25,234.0,164.25,579.0,54.0,1104.0,40.5,1830.0,153.0,1812.0,436.5,1794.0,596.25,1722.0,850.5,1224.0,956.25,339.0,1026.0,126.0,814.5), 2.949852623553928
frame_3, (42.0,983.25,27.0,353.25,234.0,164.25,579.0,54.0,1083.0,60.75,1764.0,189.0,1794.0,330.75,1812.0,436.5,1794.0,596.25,1692.0,1044.0,339.0,1026.0,42.0,983.25), 2.6580294364612875
frame_4, (243.0,906.75,84.0,567.0,122.99999999999999,317.25,234.0,164.25,579.0,54.0,1104.0,40.5,1692.0,229.5,1794.0,330.75,1812.0,436.5,1815.0,477.0,1815.0,787.5,1692.0,1044.0,339.0,1026.0,243.0,906.75), 2.931603668083203
frame_5, (84.0,567.0,27.0,353.25,234.0,164.25,579.0,54.0,1080.0,60.75,1221.0,105.75,1560.0,265.5,1797.0,416.25,1815.0,787.5,1671.0,884.25,1560.0,956.25,1524.0,978.75,339.0,1026.0,245.99999999999997,906.75,84.0,567.0), 2.925326581995969
frame_6, (122.99999999999999,814.5,27.0,353.25,234.0,164.25,579.0,54.0,1080.0,60.75,1719.0,117.0,1794.0,330.75,1794.0,596.25,1623.0,915.75,1560.0,956.25,1524.0,978.75,339.0,1026.0,122.99999999999999,814.5), 2.8936332264914517
frame_7, (1104.0,40.5,1692.0,229.5,1794.0,330.75,1815.0,474.75,1800.0,794.25,1608.0,924.75,1560.0,956.25,1524.0,978.75,339.0,1026.0,30.0,983.25,102.0,330.75,234.0,164.25,579.0,54.0,1104.0,40.5), 2.922073922972636
frame_8, (1719.0,117.0,1794.0,330.75,1722.0,850.5,1605.0,985.5,339.0,1026.0,30.0,983.25,102.0,330.75,234.0,164.25,549.0,58.5,627.0,33.75,1107.0,18.0,1719.0,117.0), 2.898951158908929
frame_9, (339.0,1026.0,39.0,582.75,102.0,330.75,234.0,164.25,627.0,33.75,1107.0,18.0,1692.0,229.5,1794.0,330.75,1722.0,850.5,1692.0,1044.0,339.0,1026.0), 2.9235811482414475
frame_10, (30.0,983.25,102.0,330.75,234.0,164.25,627.0,33.75,732.0,18.0,1107.0,18.0,1692.0,229.5,1794.0,330.75,1668.0,884.25,1605.0,985.5,339.0,1026.0,30.0,983.25), 2.9381032604698243
frame_11, (30.0,983.25,102.0,330.75,234.0,164.25,579.0,54.0,732.0,18.0,1107.0,18.0,1719.0,117.0,1794.0,330.75,1854.0,760.5,1692.0,956.25,1605.0,985.5,339.0,1026.0,30.0,983.25), 2.89050042554951
frame_12, (1692.0,1044.0,339.0,1026.0,84.0,567.0,27.0,353.25,234.0,164.25,579.0,54.0,1083.0,60.75,1827.0,155.25,1818.0,785.25,1692.0,1044.0), 2.5716449179972054
frame_13, (579.0,54.0,1308.0,51.75,1692.0,229.5,1794.0,330.75,1812.0,436.5,1818.0,785.25,1692.0,1044.0,339.0,1026.0,192.0,879.75,84.0,567.0,27.0,353.25,234.0,164.25,579.0,54.0), 2.9262062051446986
frame_14, (30.0,983.25,102.0,330.75,234.0,164.25,579.0,54.0,1104.0,38.25,1308.0,51.75,1692.0,229.5,1794.0,330.75,1794.0,596.25,1773.0,717.75,1737.0,924.75,1692.0,1044.0,339.0,1026.0,30.0,983.25), 2.937992125294811
