frame_0, (1266.0,137.25,586.1708394698085,48.11156111929307,570.0,51.75,114.0,180.0,106.54533762057878,186.07717041800646,227.4944026587371,963.6068742347385,616.5345622119816,1020.4665898617511,1032.0,994.5,1860.0,819.0,1862.6686946902653,761.1560425884957,1827.5236674165558,223.19750011477896,1266.0,137.25), 1.7124570793985197
frame_1, (1032.0,994.5,1662.0,976.5,1788.0,776.25,1813.6236088739201,137.79507889149212,1347.1949067575697,27.630288750751955,998.9999999999999,24.75,81.0,18.0,81.0,397.1590909090909,212.5828649415483,932.4621096485714,1032.0,994.5), 1.6211173690484104
frame_2, (842.0742609949531,980.1207642393655,1791.0,776.25,1884.0,747.0,1854.0,227.25,1848.0,184.5,1835.1106853980416,157.77362707535121,1346.6690235493484,27.853824577806346,81.0,18.0,177.39275252473524,640.006063461499,450.0,904.5,532.73304024349,956.7006087250592,842.0742609949531,980.1207642393655), 1.6893851148328056
frame_3, (1788.0,776.25,1856.2502294279598,303.61716121137954,1854.0,227.25,1851.0,162.0,1834.4820359281437,102.12238023952095,1776.0,33.75,1738.6123348017622,30.905286343612335,656.2943241661791,22.478935049736688,651.0,22.5,114.0,180.0,174.0,348.75,369.0,715.5,583.6469703321907,960.555291129251,1032.0,994.5,1788.0,776.25), 1.702678784552456
frame_4, (540.5304648241206,54.900282663316595,114.0,180.0,90.53757225433526,267.9841040462428,89.69077875529489,326.09530791788853,336.0,778.5,558.5798665432138,958.6574662367102,1032.0,994.5,1788.0,776.25,1856.2502294279598,303.61716121137965,1854.0,227.25,1851.0,162.0,1838.5384615384614,116.82692307692307,1797.0,78.75,1623.0,47.25,1497.9221105527638,29.048366834170853,853.4482209240573,24.065321295804566,540.5304648241206,54.900282663316595), 1.5934788356974174
frame_5, (171.0,531.0,578.6178237183964,960.1745355496578,1032.0,994.5,1372.5199516324062,988.4192865779928,1662.0,974.25,1743.0,774.0,1855.0397890699903,258.6169702780441,1854.0,227.25,1830.5390625,109.494140625,1797.0,78.75,1623.0,47.25,1497.798931383577,29.03044150731159,608.4091903719913,22.10612691466083,411.0,24.75,93.0,99.0,89.40103333743389,345.97908721860006,171.0,531.0), 1.7098754661661615
frame_6, (221.92284921369102,945.0561979648473,639.0,1023.75,1662.0,972.0,1667.2037637897467,967.978909798832,1788.0,776.25,1856.47899348461,302.03297011907443,1854.0,227.25,1851.0,162.0,1839.3368740515934,119.7211684370258,1797.0,78.75,1623.0,47.25,1497.9221105527638,29.048366834170853,651.0,22.5,114.0,180.0,107.48387096774194,194.05040322580646,221.92284921369102,945.0561979648473), 1.7027527464742704
frame_7, (1665.0,969.75,1665.7475950526798,969.276912505726,1743.0,774.0,1809.2291229542593,157.24129248845992,1377.0,108.0,590.0127595525605,40.38731912564568,114.0,180.0,90.62268907563026,198.99406512605043,89.27031221134305,300.6759006096434,592.3774815982165,962.4261598408702,1032.0,996.75,1665.0,969.75), 1.6979234937283803
frame_8, (171.0,319.5,373.60763630961225,744.3224632298321,639.0,1023.75,1662.0,972.0,1743.0,774.0,1815.0,103.5,1815.0,97.31249999999993,1794.0,78.75,1623.0,47.25,1608.0,45.0,1498.121597096189,29.04990925589837,651.0,22.5,120.9336845367214,177.9663774403471,171.0,319.5), 1.6904772652526907
frame_9, (1662.0,972.0,1667.2037637897467,967.978909798832,1788.0,776.25,1812.8302568285092,157.5627673563142,651.0,22.5,114.0,180.0,77.31920443430063,209.80314639713072,70.70674663875695,289.7360921020852,279.0,661.5,639.0,1023.75,1662.0,972.0), 1.685468010978457
frame_10, (639.0,1023.75,1032.0,994.5,1770.3453237410072,863.611510791367,1800.0,830.25,1815.0,103.5,1815.0,97.3125,1794.0,78.75,1623.0,47.25,1497.9221105527638,29.048366834170853,651.0,22.5,114.0,180.0,174.0,348.75,639.0,1023.75), 1.6893381649575139
frame_11, (71.7122512777254,277.58131543690763,639.0,1023.75,1032.0,994.5,1743.0,774.0,1878.0,153.0,1797.0,78.75,1623.0,47.25,1497.9221105527638,29.048366834170853,651.0,22.5,114.0,180.0,77.31920443430063,209.80314639713072,71.7122512777254,277.58131543690763), 1.6948045519619557
frame_12, (1341.69000596461,27.36026244283915,786.0,22.5,331.30651340996155,19.597701149425287,93.0,20.25,93.0,99.0,159.0,715.5,639.0,1023.75,1665.0,969.75,1670.3856517345907,965.5864769282588,1791.0,776.25,1811.181287776231,210.54327702251797,1341.69000596461,27.36026244283915), 1.7229744912273928
frame_13, (1743.0,774.0,1788.0,517.5,1815.0,103.5,1815.0,95.25,1797.0,78.75,1623.0,47.25,1497.9221105527638,29.048366834170853,651.0,22.5,114.0,180.0,91.55391705069124,198.23744239631338,88.18705891681864,429.2880818333201,213.4026200461807,946.5246689599926,639.0,1023.75,1665.0,969.75,1704.2174272145364,939.431912037993,1743.0,774.0), 1.568498281096852
frame_14, (651.0,22.5,117.0,180.0,102.0,231.75,90.45259686727124,273.81553998351194,87.92948038176034,446.9644088016968,194.59569878714206,931.1003052709509,1032.0,994.5,1665.0,969.75,1669.5794066317628,966.8520942408377,1791.0,776.25,1854.0,227.25,1840.7628993351768,160.8099370477143,651.0,22.5), 1.6913661893225025
