frame_0, 
(1860.0,222.75,1329.9043540328337,127.99197002141327,1008.0,155.25,522.0,333.0,66.0,504.0,54.0,621.0,63.720426287744225,783.4699822380107,207.0,1053.0,1197.0,990.0,1872.0,690.75,1860.0,222.75), 1.7124570793985197
frame_1, 
(1860.0,222.75,1281.0,119.25,1106.9747570364761,123.38252555850056,375.0,229.5,84.0,681.75,537.0,1037.25,1424.5409107737876,575.1542021473529,1860.0,222.75), 1.6211173690484104
frame_10, 
(1206.0,240.75,1097.2449845049748,231.93202577067365,378.0,535.5,288.3999215180648,580.0714676121871,567.0,861.75,705.0,933.75,1419.0,679.5,1643.1904538524686,447.30274422422895,1278.0,261.0,1206.0,240.75), 1.6893381649575139
frame_11, 
(705.0,933.75,856.1034138609213,944.0785877828985,1869.0,562.5,1872.7111716621255,558.324931880109,1871.5456349680783,527.5547631572655,1170.0,267.75,873.0,213.75,854.7097011870651,215.11651657797788,354.0,450.0,84.0,681.75,705.0,933.75), 1.6948045519619557
frame_12, 
(903.3282463008427,124.34235866896688,375.0,229.5,204.99391792541104,493.7104832241679,567.0,861.75,705.0,933.75,1013.1219769899037,868.9968595914535,1831.8688873139615,575.7969525159461,1863.0,416.25,1868.3502762430937,301.8878453038674,1860.0,222.75,903.3282463008427,124.34235866896688), 1.7229744912273928
frame_13, 
(434.37061118335504,204.667100130039,375.0,229.5,84.0,681.75,705.0,933.75,1419.0,679.5,1617.9496702533845,473.4449843804235,981.0000000000001,247.5,434.37061118335504,204.667100130039), 1.568498281096852
frame_14, 
(1861.5976356644353,565.5886625836775,1862.6555323590815,525.9175365344468,981.0000000000001,247.5,434.37061118335504,204.667100130039,375.0,229.5,204.99391792541104,493.7104832241679,567.0,861.75,705.0,933.75,1257.551891431194,817.6288762866321,1861.5976356644353,565.5886625836775), 1.6913661893225025
frame_2, 
(1209.0,288.0,1281.0,119.25,1248.0950454007107,93.27240426371891,375.0,229.5,24.0,312.75,84.0,681.75,174.2817403708987,959.3663516405135,705.0,933.75,1209.0,288.0), 1.6893851148328056
frame_3, 
(84.0,681.75,705.0,933.75,1232.871581450654,745.7789221515003,1528.8129590195992,509.67863195862844,1598.2432077330957,402.3075172446155,1299.3480618053675,135.62089997289237,932.8526165895337,172.8430936276255,354.1329256559959,261.93001502431565,84.0,681.75), 1.702678784552456
frame_4, 
(249.00000000000003,1032.75,714.9440332189926,928.6561202383102,1247.9329576369996,655.6299310143801,1278.0,261.0,1244.8717410107502,141.1536513035957,526.012122457366,214.16283131292374,354.30647912457033,247.8830792242895,66.0,504.0,110.41791044776119,970.3880597014925,249.00000000000003,1032.75), 1.5934788356974174
frame_5, 
(344.1408874334144,277.4588785506473,84.0,681.75,180.0,807.75,705.0,933.75,799.6998355263158,952.6899671052631,1236.0,812.25,1542.5243753808654,683.1318555758683,1774.9846491906783,478.80874160502617,1167.0,186.75,344.1408874334144,277.4588785506473), 1.7098754661661615
frame_6, 
(1629.0,427.5,1167.0,186.75,1087.8139332365747,195.47917271407837,567.0,351.0,191.64898907814327,465.62815303601616,705.0,933.75,752.9137207908929,916.6882863990413,1629.0,427.5), 1.7027527464742704
frame_7, 
(372.0,510.75,84.0,681.75,705.0,933.75,1419.0,679.5,1665.989884897105,423.6890477851413,1290.0,238.5,1189.1484260316424,196.06854509867884,1119.0,222.75,372.0,510.75), 1.6979234937283803
frame_8, 
(1167.0,186.75,615.9006637941073,164.86811459182485,375.0,229.5,84.0,681.75,705.0,933.75,1419.0,679.5,1763.7645622149698,473.41892709706707,1167.0,186.75), 1.6904772652526907
frame_9, 
(1167.0,186.75,1156.603112840467,186.3601167315175,354.0,450.0,222.0,675.0,185.1364766497918,761.9889240032352,705.0,933.75,1419.0,679.5,1664.1683052662318,425.5756838314028,1167.0,186.75), 1.685468010978457
