frame_0, (1013.9999999999999,103.5,405.0,33.75,324.1111111111111,34.916666666666664,296.4327086882453,35.74701873935264,113.03355704697988,77.9496644295302,99.0,99.0,86.25176470588235,123.69970588235294,36.0,666.0,710.1350024688489,798.1833338174213,1702.0602396411657,385.0311706031806,1151.852313751231,138.26017394158188,1013.9999999999999,103.5), 1.7124570793985197
frame_1, (1425.0,308.25,1429.4259249703287,266.09306465761904,993.0,108.0,549.0,24.75,441.0,20.25,336.0,36.0,330.0779518532671,37.13746656476882,192.0,123.75,189.0,135.0,234.0,459.0,757.3400513008428,694.5030230853793,1425.0,308.25), 1.6211173690484104
frame_2, (624.1776863600317,18.98972789452815,572.4787644787644,19.23359073359073,444.0,22.5,336.0,36.0,330.0779518532671,37.13746656476882,192.0,123.75,93.0,202.5,36.0,666.0,1004.244775724284,855.8519168086832,1599.5869528666706,471.5010368211623,1524.0,299.25,624.1776863600317,18.98972789452815), 1.6893851148328056
frame_3, (336.0,36.0,331.64968421052635,36.83557894736842,216.0,112.5,93.0,202.5,36.0,666.0,656.0510128519476,821.6378046372329,1693.8959297793094,388.5734256648155,1701.652127005158,358.85691099228706,1086.0,69.75,1015.0674710662398,49.570918492982024,602.0160279761037,29.99060177764826,336.0,36.0), 1.702678784552456
frame_4, (1722.0,954.0,1566.0,423.0,1506.0,355.5,993.0,108.0,671.7272727272727,30.272727272727273,549.0,24.75,454.9354838709678,20.83064516129032,421.1142857142857,21.407142857142855,352.452691486839,25.40253734882618,216.0,112.5,93.0,202.5,1719.1332619404582,955.2379096166204,1722.0,954.0), 1.5934788356974174
frame_5, (1553.4703448275864,408.9041379310345,1506.0,355.5,993.0,108.0,591.0,24.75,549.0,24.75,540.5031055900621,25.043478260869566,441.0,33.75,289.1376896149358,53.60355892648774,195.0,96.75,87.0,292.5,234.0,459.0,786.0,996.75,1151.3673035294119,1017.9145694117647,1553.4703448275864,408.9041379310345), 1.7098754661661615
frame_6, (1506.0,355.5,993.0,108.0,613.199186204224,29.347219531098624,336.0,36.0,334.5769230769231,36.25961538461538,192.0,123.75,93.0,202.5,234.0,459.0,846.6125554850984,734.6756499682942,1566.7343349212167,425.4783803591059,1566.0,423.0,1506.0,355.5), 1.7027527464742704
frame_7, (208.69113475177303,963.011170212766,786.0,996.75,1153.1946680263684,1018.0204228429908,1553.5340152235967,605.9828479679218,1566.0,423.0,993.0,108.0,591.0,24.75,549.0,24.75,472.0344827586207,27.408348457350275,336.0,36.0,90.0,83.25,92.37843520782396,775.3746454767726,208.69113475177303,963.011170212766), 1.6979234937283803
frame_8, (1559.2242009560407,94.7463211172556,591.0,22.5,441.0,22.5,336.0,36.0,90.0,83.25,78.0,423.0,92.41747572815534,599.9417475728156,119.86938813292603,828.8906970286032,1014.4232520537848,918.7251316681131,1570.4824874067008,861.74752500956,1738.548495294885,219.05066151122705,1559.2242009560407,94.7463211172556), 1.6904772652526907
frame_9, (1524.131950207469,1039.4103734439834,1683.0,931.5,1566.0,423.0,1491.0,382.5,1095.0,168.75,591.0,22.5,441.0,22.5,90.0,83.25,234.0,459.0,1523.776119402985,1039.3992537313434,1524.131950207469,1039.4103734439834), 1.685468010978457
frame_10, (72.0,742.5,162.0,931.5,1545.320879888268,411.8332751396648,1491.0,382.5,1095.0,168.75,591.0,24.75,441.0,22.5,336.0,36.0,334.5443786982249,36.27958579881657,192.0,123.75,73.91608765366114,252.56881346873328,55.337950138504155,455.1419667590028,64.13973799126639,725.796943231441,72.0,742.5), 1.6893381649575139
frame_11, (1023.0,69.75,591.0,22.5,441.0,22.5,336.0,36.0,90.0,83.25,75.0,240.75,72.0,742.5,112.80038143674508,828.1808010171646,724.9638706708088,889.6565412495685,1619.7833333333335,691.58,1491.0,382.5,1023.0,69.75), 1.6948045519619557
frame_12, (1683.0,931.5,1506.0,355.5,1023.0,69.75,617.2496467263306,25.371055110692417,539.8837064676617,23.12313432835821,336.0,36.0,90.0,83.25,80.5363678302322,429.8555282177457,145.92100263248253,832.4872267368662,1561.0594180704443,1014.3275650842265,1683.0,931.5), 1.7229744912273928
frame_13, (162.0,931.5,187.54371125659,956.4884131857946,312.763324153572,960.1309735946866,1206.0,535.5,1425.0,308.25,1437.0,231.75,1452.802678327412,48.04386444383711,883.6568081991214,27.486896046852124,555.6875,22.125,336.0,36.0,90.0,83.25,78.95741131991548,487.6848104080952,122.13461538461539,847.7826923076923,162.0,931.5), 1.568498281096852
frame_14, (1573.2774127485281,318.8178385527776,998.9999999999999,45.0,844.8920606601249,26.086752899197148,621.0,18.0,336.0,36.0,330.0779518532671,37.13746656476882,192.0,123.75,93.0,200.25,85.02658959537573,265.40115606936416,80.5363678302322,429.8555282177457,145.92100263248253,832.4872267368662,1526.0289726270885,1009.8262753288304,1573.2774127485281,318.8178385527776), 1.6913661893225025
