frame_0, 
(330.0,119.25,522.0,990.0,1713.0,1053.0,1850.87008698079,775.2323247592909,1827.0,137.25,1771.3514150943397,61.8033608490566,1710.0,56.25,1206.0,27.0,1144.4999999999998,27.0,1048.4953231650798,28.329295525406586,330.0,119.25), 1.7124570793985197
frame_1, 
(1861.715438482586,897.4538677364003,1869.0,380.25,1866.0,153.0,1641.3296867230235,52.2646693187469,1206.0,27.0,1144.5,27.0,1048.4953231650798,28.32929552540659,330.0,119.25,522.0,990.0,1861.715438482586,897.4538677364003), 1.6211173690484104
frame_10, 
(1839.0,1053.0,1887.6012582384662,566.2726932294787,1887.0813323005423,494.91285824941906,1866.0,153.0,1770.5507598784193,53.87963525835866,1663.5271353787023,36.7855841229872,556.8589788120876,105.22119422779373,340.24326403304497,165.70480289986406,408.35125584948906,474.5851876611594,762.0,814.5,1766.0555555555557,1053.0,1839.0,1053.0), 1.6893381649575139
frame_11, 
(1675.13241954708,1043.9371796781884,1839.0,1053.0,1839.0,321.75,1833.0,202.5,1827.0,137.25,1746.0,72.0,1640.608551724138,42.677379310344826,1404.0,40.5,447.03846153846155,108.66346153846155,348.0,144.0,324.27104722792603,152.89835728952772,237.0,699.75,1675.13241954708,1043.9371796781884), 1.6948045519619557
frame_12, 
(1716.0,1050.75,1799.084745762712,1029.978813559322,1807.9089749042962,1016.926307954062,1872.0,636.75,1875.8052793966403,457.66403839561247,1866.0,153.0,1778.8331584470097,62.48058761804828,1710.0,56.25,1397.2524167561762,38.0994706153138,330.0,119.25,522.0,990.0,1716.0,1050.75), 1.7229744912273928
frame_13, 
(789.0,969.75,1716.0,1050.75,1784.198846284357,1051.9975398710553,1846.3701309746557,960.035847933322,1872.0,636.75,1875.8052793966403,457.6640383956119,1866.0,153.0,1641.329686723023,52.2646693187469,1397.2524167561762,38.0994706153138,330.0,119.25,484.7170381564035,820.9159425765016,789.0,969.75), 1.568498281096852
frame_14, 
(1716.0,1050.75,1782.0,1055.25,1861.3172804532576,937.9265226628895,1885.327641901246,814.1230964467004,1863.0,425.25,1761.0,213.75,1656.0,103.5,1586.6363636363637,61.88181818181818,330.0,119.25,510.47493403693926,937.732025065963,1716.0,1050.75), 1.6913661893225025
frame_2, 
(332.09671096619377,358.2750707540689,716.1637675010606,872.2730695799745,1047.0,945.0,1079.0156362761609,950.1917248015396,1824.0135151442018,899.9500422348257,1866.0,744.75,1875.0,639.0,1877.1936218678816,500.80182232346243,1866.0,153.0,1641.3296867230235,52.2646693187469,1410.0036686028736,38.83949862427392,396.0,123.75,332.09671096619377,358.2750707540689), 1.6893851148328056
frame_3, 
(1866.0,153.0,1804.0000000000002,55.57142857142857,1684.1662077596998,30.96270337922403,1510.0849184782608,29.520040760869566,330.0,119.25,473.80999651332115,771.4508044998666,1047.0,945.0,1084.7681660899657,951.1245674740485,1810.7539056901248,900.9742367779849,1860.0,636.75,1877.4705266829437,225.64666899197815,1866.0,153.0), 1.702678784552456
frame_4, 
(1152.0,135.0,616.5140132118985,579.6007504983779,762.0,814.5,1047.0,945.0,1713.0,1053.0,1785.0,1057.5,1816.856592877767,978.7954764196343,1866.0,744.75,1872.0,636.75,1884.8310412573674,275.1895874263261,1884.0,72.0,1775.4738124238736,54.665956151035324,1710.0,56.25,1152.0,135.0), 1.5934788356974174
frame_5, 
(717.0374425224436,100.44646376176922,543.0,207.0,525.0,830.25,759.433952310614,984.5856852711543,1785.0,1057.5,1869.0,636.75,1869.6606350290199,611.8770911573916,1833.0,202.5,1827.0,137.25,1766.7396345305606,55.55085066162571,717.0374425224436,100.44646376176922), 1.7098754661661615
frame_6, 
(1293.0,918.0,1527.0,902.25,1832.5634807417975,820.1298145506419,1869.3828756058158,648.9196284329564,1884.0,72.0,1803.0,54.0,1684.2327818391689,30.963255098114658,1505.092611862643,29.478668054110305,834.5865082139112,79.41821041593847,552.0,231.75,900.0,821.25,1245.7265233221128,919.8011953012297,1293.0,918.0), 1.7027527464742704
frame_7, 
(1713.0,1053.0,1785.9170305676855,1053.0,1839.0,792.5142857142855,1839.0,321.75,1833.0,202.5,1827.0,137.25,1746.0,72.0,1684.548007698339,54.9024698838121,330.0,119.25,517.0367653819044,967.4909555015272,1713.0,1053.0), 1.6979234937283803
frame_8, 
(237.0,699.75,1713.0,1053.0,1786.1654676258995,1053.0,1850.3719417776404,805.0916692474444,1884.0,72.0,1807.5335542667772,49.06006628003313,330.0,119.25,237.0,699.75), 1.6904772652526907
frame_9, 
(330.0,117.0,762.0,814.5,858.0,886.5,1386.0,996.75,1653.2932880924611,1042.729350015905,1790.169660678643,1050.2994011976048,1806.0,1028.25,1837.7665130568357,878.1532258064516,1833.0,202.5,1827.0,137.25,1746.0,72.0,1710.0,56.25,1558.8747528015822,36.45978905735004,1404.0,40.5,330.0,117.0), 1.685468010978457
