frame_0, 
(249.00000000000003,920.25,402.0,983.25,768.9747965641952,978.681849005425,1503.0,708.75,1527.0,697.5,1575.0,654.75,1832.0366026289182,378.3144084934277,1836.0,362.25,1737.0,249.75,1200.0,83.25,1175.682562772753,80.7673297071659,270.0,148.5,45.0,234.0,78.0,645.75,92.42224115892628,789.9724115892628,249.00000000000003,920.25), 1.7145452308316167
frame_1, 
(1800.7998298686798,310.1849114785475,1518.8272369161507,163.47104670793468,1200.0,83.25,1176.0,83.25,510.0,105.75,270.0,148.5,45.0,234.0,30.0,614.25,30.525000000000002,652.05,39.0,753.75,141.52525252525254,835.0378787878789,288.0,841.5,1642.8392308612915,847.5364124147285,1719.8810111838486,832.9024972229112,1725.178864511807,811.4292832021437,1800.7998298686798,310.1849114785475), 1.7271427536088655
frame_10, 
(1772.01581027668,456.2519762845828,1793.8719512195123,286.1838795731709,1704.2272449602933,196.13897373243736,1683.0,186.75,1200.0,83.25,1176.0,81.0,627.0,92.25,45.0,234.0,54.0,562.5,87.0,769.5,174.0,888.75,249.00000000000003,920.25,402.0,983.25,1707.2151390247311,858.0161380466677,1772.01581027668,456.2519762845828), 1.6780558687290508
frame_11, 
(89.62888528273623,771.9463238047683,249.00000000000003,920.25,402.0,983.25,1107.2027725159292,856.0757921474083,1530.0,702.0,1572.0,654.75,1704.0,501.75,1767.1173107706381,303.1161102218157,1688.281805745554,189.08618331053353,1683.0,186.75,1200.0,83.25,1176.0,81.0,627.0,49.5,45.0,234.0,78.0,643.5,89.62888528273623,771.9463238047683), 1.6828104187061674
frame_12, 
(249.00000000000003,920.25,1231.3666973321067,810.8279668813248,1530.0,702.0,1572.0,654.75,1834.8874538745388,299.85193726937274,1833.17296222664,255.7037773359841,1707.0,180.0,1326.2451746323532,107.34116498161764,690.0513014708813,130.77659744090568,116.87130177514793,207.50147928994082,45.0,236.25,87.0,769.5,249.00000000000003,920.25), 1.693873702073492
frame_13, 
(1530.0,702.0,1572.0,654.75,1757.7393593681438,248.30857832382625,1682.7688106796115,174.32448422330097,1246.9938710468252,92.11540818828144,870.75,93.56250000000001,510.0,105.75,45.0,234.0,36.64520048602674,649.1291008505468,54.0,679.5,184.6193834989318,840.764700396758,871.3137768045503,888.3864862338772,1530.0,702.0), 1.695873552152823
frame_14, 
(456.0,846.0,1322.868493150685,777.4828767123287,1530.0,702.0,1572.0,654.75,1647.0,506.25,1759.0895725564933,251.2462224339776,1683.741307100419,175.5615807928314,1201.4496068620442,83.52662616154396,1176.0,83.25,45.0,234.0,78.0,643.5,97.9173290937997,843.9181240063593,456.0,846.0), 1.5788270323477986
frame_2, 
(402.0,983.25,997.168326693227,896.1745517928287,1530.0,702.0,1572.0,654.75,1704.0,501.75,1770.8906730440724,292.22480355312604,1496.051730288976,139.10024973242955,1200.0,83.25,1173.0,83.25,510.0,105.75,270.0,148.5,51.0,261.0,78.0,645.75,207.7739635595458,854.0713625561131,402.0,983.25), 1.7050633132662116
frame_3, 
(270.0,148.5,45.0,234.0,78.0,645.75,134.3609022556391,788.4135338345865,288.0,839.25,456.0,846.0,1518.2713554051581,788.3661285897201,1726.5652877855246,273.3026670848041,1580.513083189336,199.63598494198965,1200.989895541749,83.55277531235065,1173.0,83.25,510.0,105.75,270.0,148.5), 1.681569029940504
frame_4, 
(98.68793167079666,771.510847788264,462.0,821.25,1064.1246156335978,833.3462534390678,1530.0,702.0,1648.2643426490847,575.1834838122418,1533.0,252.0,1308.0,130.5,1200.0,83.25,1173.0,83.25,627.0,92.25,510.0,108.0,45.0,236.25,78.0,645.75,98.68793167079666,771.510847788264), 1.6901141933110337
frame_5, 
(1724.9667469879519,812.2890361445783,1801.1239291833238,293.46823243860655,1679.7440160240358,171.5464446670005,1201.6859915719574,83.56030519729282,1173.0,83.25,391.3329583802025,139.54555680539931,45.0,234.0,78.0,645.75,94.06710602484749,806.421060248475,1181.0327661282852,894.2809170501221,1719.9217574647134,832.7373447440867,1724.9667469879519,812.2890361445783), 1.6804735434747944
frame_6, 
(456.0,837.0,989.0721732844909,899.1249525256362,1169.8487976471945,833.246323741422,1737.0,247.5,1689.7728085867618,174.4454382826476,1682.1619018023616,171.99145431945308,1242.4691365856752,91.06640550656601,948.4696485623002,91.6317891373802,510.0,108.0,267.0,146.25,45.0,234.0,78.0,645.75,89.31181636111539,769.9228932367894,456.0,837.0), 1.6894218600338504
frame_7, 
(402.0,983.25,1000.075898869267,969.6278808283572,1596.2689518787079,856.3823335530652,1726.8823529411766,799.2389705882354,1764.1463414634125,545.3780487805035,1800.2144234477437,292.5546664095642,1682.449793534092,174.2643015409407,1200.0,83.25,1173.0,83.25,525.9759036144579,107.40361445783134,495.11999999999995,112.032,45.0,234.0,78.0,645.75,95.16054902776334,834.1260268274929,402.0,983.25), 1.5683493104661594
frame_8, 
(87.0,769.5,249.00000000000003,920.25,402.0,983.25,708.0,933.75,1447.7126795752654,738.4033416614615,1836.0,362.25,1839.9035294117646,345.1023529411765,1839.0,328.5,1726.100386100386,217.08590733590734,1668.0,200.25,1202.953488372093,83.98837209302324,627.0,92.25,510.0,108.0,45.0,234.0,36.96535492374318,633.221427226511,87.0,769.5), 1.5722553406512503
frame_9, 
(402.0,983.25,708.0,933.75,1503.0,708.75,1530.0,699.75,1572.0,654.75,1572.6746031746034,653.8392857142859,1737.0,247.5,1200.0,83.25,1176.0,83.25,1125.1371001246366,84.08381803074366,267.0,146.25,45.0,234.0,75.0,591.75,97.96822429906541,857.320093457944,249.00000000000003,920.25,402.0,983.25), 1.677091013778819
