frame_0, 
(36.0,810.0,150.0,891.0,429.67318504033267,983.1650268882914,1173.0,1046.25,1680.0,942.75,1825.3031674208144,905.2890271493212,1830.0,879.75,1850.7933765298776,691.1243700503954,1800.0,207.0,1592.9825378346914,105.27590221187427,1374.016461633773,38.21754137534295,819.0,54.0,570.0,85.5,159.0,247.5,122.99999999999999,357.75,63.06486486486485,546.1175675675676,36.0,810.0), 1.7145452308316167
frame_1, 
(539.857464155187,950.1645858358678,1749.0,951.75,1830.0,879.75,1845.0,400.5,1838.1776649746193,346.45431472081225,1803.0,207.0,816.0,54.0,96.0,193.5,62.030272452068616,347.9561049445005,150.0,891.0,539.857464155187,950.1645858358678), 1.7271427536088655
frame_10, 
(1270.5181221953744,1021.5365032792544,1820.608957657094,882.1299216896407,1800.0,281.25,847.8334310057252,49.75996258396069,819.0,51.75,713.5788900979326,64.73095756256801,343.5295566502463,141.88854679802955,108.0,198.0,105.0,276.75,150.0,891.0,562.232200418481,994.5511508228243,958.6843849474557,1028.1091113242926,1270.5181221953744,1021.5365032792544), 1.6780558687290508
frame_11, 
(1830.0,879.75,1839.09604519774,589.1313559322035,1800.0,281.25,819.0,42.75,96.0,193.5,60.0,558.0,66.0,713.25,150.0,891.0,385.1026148557142,981.2794041045943,939.4616010119264,1026.9922524394651,1274.5357497687485,1020.518337387372,1830.0,879.75), 1.6828104187061674
frame_12, 
(105.0,276.75,42.38969072164948,818.5699841395717,150.0,891.0,369.0,897.75,1830.0,879.75,1833.5332414743368,572.3579917326903,1803.0,207.0,819.0,54.0,535.5189453305061,108.69655204203927,105.0,276.75), 1.693873702073492
frame_13, 
(153.0,733.5,676.3343274679391,893.9635401133314,1830.0,879.75,1805.0921855921854,231.01465201465206,1803.0,207.0,819.0,54.0,143.05040570445047,184.4218096877305,105.0,276.75,153.0,733.5), 1.695873552152823
frame_14, 
(1752.9920942441095,899.2657021436161,1800.0,281.25,1799.120272783633,204.71373217606944,1761.0,182.25,1725.0,168.75,1476.927458617332,78.5999269717624,819.0,54.0,573.0,45.0,103.86857142857143,188.3457142857143,99.0,195.75,52.31540847983455,631.826525336091,47.756986965397644,689.4335772247873,37.69390432460291,816.6057840978307,198.57525188916875,965.8982210327455,1173.0,1046.25,1752.9920942441095,899.2657021436161), 1.5788270323477986
frame_2, 
(363.0,697.5,926.581168831169,940.1530032467532,1830.0,879.75,1832.596732788798,546.7190198366388,1803.0,207.0,819.0,56.25,96.0,193.5,105.0,276.75,363.0,697.5), 1.7050633132662116
frame_3, 
(1803.0,207.0,819.0,58.5,97.40370573587134,193.23789726923565,95.79078833381462,195.55475743574937,68.11286185415902,467.39153536093806,150.0,891.0,727.3044350345443,953.4767383552485,1830.0,879.75,1804.3943332466858,212.83877047049648,1803.0,207.0), 1.681569029940504
frame_4, 
(1821.2621089526986,880.0891585423201,1803.0,207.0,1109.12109375,23.326171875,1049.9032258064517,23.864516129032257,819.0,58.5,97.40370573587134,193.23789726923565,95.79078833381462,195.55475743574937,33.0,812.25,150.0,891.0,352.20207336017495,937.1102701074723,1821.2621089526986,880.0891585423201), 1.6901141933110337
frame_5, 
(819.0,56.25,96.0,193.5,61.82352941176471,603.6176470588234,66.0,713.25,150.0,891.0,277.61780104712034,940.0052356020942,1830.0,879.75,1837.4503908598917,641.7100120264582,1800.0,281.25,819.0,56.25), 1.6804735434747944
frame_6, 
(1749.0,951.75,1803.274111675127,903.5063451776649,1371.0,290.25,819.0,56.25,320.035960214231,152.52314460596787,105.0,276.75,44.44240587109126,819.9516193363114,150.0,891.0,379.3518859487611,979.0711242043243,944.3695902802411,1026.897425948918,1337.2229806598407,1019.3071672354948,1749.0,951.75), 1.6894218600338504
frame_7, 
(36.352214212152425,779.4461894953656,35.11129296235679,813.106178396072,407.6773683378143,964.1903862881544,1371.5254333158255,995.938760050099,1830.0,879.75,1836.7914932963477,662.7617891816922,1800.0,281.25,819.0,54.0,96.0,195.75,36.352214212152425,779.4461894953656), 1.5683493104661594
frame_8, 
(1820.608957657094,882.1299216896407,1800.0,281.25,819.0,51.75,141.1043158110043,184.6569339333197,108.0,198.0,66.12537313432836,494.11343283582084,60.0,555.75,66.0,713.25,150.0,891.0,385.1026148557142,981.2794041045943,939.4616010119264,1026.9922524394651,1274.5357497687485,1020.518337387372,1820.608957657094,882.1299216896407), 1.5722553406512503
frame_9, 
(1845.0,400.5,1839.0,357.75,1803.0,207.0,1761.0,182.25,1576.5435601176046,93.60345850312065,884.3220372377106,49.19101566348143,819.0,54.0,722.6958250497017,64.78031809145129,565.0998720850143,97.14961133523566,105.0,276.75,63.163636363636364,638.7954545454546,66.0,713.25,150.0,891.0,334.53907555760486,961.8630050141202,1371.4411408746168,995.9601218331451,1830.0,879.75,1845.0,400.5), 1.677091013778819
