frame_0, (1337.0268557017243,95.29166382659669,525.0,159.75,87.0,708.75,117.0,796.5,510.0,972.0,744.0,1026.0,1485.0,996.75,1788.0,972.0,1836.0,585.0,1855.3273644798958,345.82386456128927,1351.8805718662243,96.91302016849629,1337.0268557017243,95.29166382659669), 1.7145452308316167
frame_1, (1722.050872181365,43.97188962499241,525.0,159.75,270.0,454.5,79.52390149686143,687.9002897151136,114.0,796.5,593.5686321894635,970.3720396326729,972.0,963.0,1822.5216995723774,535.5470839778001,1851.0,175.5,1722.050872181365,43.97188962499241), 1.7271427536088655
frame_2, (1845.0,524.25,1854.0,29.25,525.0,159.75,87.0,711.0,114.0,796.5,510.0,972.0,938.4507042253526,1022.8785211267606,1276.281667757315,1017.3704075909134,1845.0,524.25), 1.7050633132662116
frame_3, (95.91777528450072,737.5362237538068,353.24063800277395,883.2389042995839,604.6884427000551,974.4036296993091,1485.0,996.75,1788.0,972.0,1845.0,524.25,1854.0,31.5,525.0,159.75,80.57483200977397,687.5048869883934,95.91777528450072,737.5362237538068), 1.681569029940504
frame_4, (231.54551058146703,866.7890384220259,519.0,949.5,813.0,1005.75,1485.0,996.75,1788.0,972.0,1836.0,585.0,1839.8433550363848,480.6529107621601,1812.0,245.25,1371.0,78.75,975.0,177.75,630.0,328.5,195.16549755014276,845.0347738728893,231.54551058146703,866.7890384220259), 1.6901141933110337
frame_5, (1788.0,972.0,1845.0,524.25,1827.0,351.0,1812.0,245.25,1565.052519517388,152.01472675656493,1070.5876288659795,107.51288659793813,525.0,159.75,155.32556093268806,791.0690167179939,231.0,879.75,336.0,929.25,761.2831578947367,997.4557894736843,1788.0,972.0), 1.6804735434747944
frame_6, (1242.1753913894324,91.08427103718199,525.0,159.75,117.0,796.5,336.0,929.25,1081.087638376384,989.5267527675277,1788.0,972.0,1851.0,177.75,1371.0,99.0,1242.1753913894324,91.08427103718199), 1.6894218600338504
frame_7, (659.2686567164179,999.9850746268656,1788.0,972.0,1812.0,245.25,1565.1657128941922,55.768385486423966,1510.2148931280165,54.498118248678466,525.0,159.75,270.0,454.5,130.3875,766.5749999999999,278.02147651006715,955.6791946308725,333.0,987.75,659.2686567164179,999.9850746268656), 1.5683493104661594
frame_8, (1788.0,972.0,1851.0,794.1176470588234,1851.0,175.5,1371.0,78.75,525.0,159.75,270.0,454.5,82.2363041700736,687.8634505314801,117.0,796.5,244.11595485726932,919.2626687320204,510.0,972.0,1536.1385681293302,999.5473441108544,1788.0,972.0), 1.5722553406512503
frame_9, (602.3240371845947,982.9634794156706,921.1153009427126,1020.819941986947,1019.6248112732762,1022.9782964267741,1273.0536255684688,1020.169356366852,1831.141989169198,536.2659093910977,1834.137052759248,506.0157671315949,1782.0,418.5,1557.0,49.5,525.0,159.75,117.0,796.5,130.04245514266108,842.4746543778804,602.3240371845947,982.9634794156706), 1.677091013778819
frame_10, (525.0,159.75,270.0,454.5,150.25876704107006,888.1969047414901,178.1315570358035,906.1748542880933,510.0,972.0,813.0,1005.75,1485.0,996.75,1788.0,972.0,1833.1812080536913,426.7449664429534,1829.2492401215804,394.3062310030395,1557.0,49.5,525.0,159.75), 1.6780558687290508
frame_11, (1839.0900692840646,455.99030023094684,1830.0,351.0,1557.0,47.25,525.0,159.75,270.0,454.5,92.29775730877054,727.8880656788147,109.59173553719009,782.3008264462809,117.0,796.5,336.0,1008.0,1482.0,996.75,1797.0,814.5,1813.431765612953,715.139167309175,1839.0900692840646,455.99030023094684), 1.6828104187061674
frame_12, (1713.0,272.25,1371.0,78.75,1350.0,74.25,1259.0139731285988,66.75115163147792,609.0,285.75,270.0,452.25,131.9764397905759,762.8030104712043,336.0,1008.0,972.0,963.0,1302.0,884.25,1608.0,740.25,1746.0,663.75,1830.6000000000001,544.5409090909092,1841.8990960689512,429.75236493588403,1827.0,351.0,1713.0,272.25), 1.693873702073492
frame_13, (1788.0,972.0,1845.0,524.25,1851.0,175.5,1371.0,78.75,525.0,159.75,48.0,571.5,47.48263473053892,574.5071856287425,87.0,708.75,336.0,1008.0,1270.3618076974656,998.8515488802468,1788.0,972.0), 1.695873552152823
frame_14, (1557.0,47.25,1285.2290920924177,41.298812235600394,525.0,159.75,270.0,452.25,87.0,708.75,336.0,1008.0,813.0,1005.75,1485.0,996.75,1788.0,972.0,1812.0,733.5,1851.0,175.5,1557.0,47.25), 1.5788270323477986
