frame_0, (861.0,686.25,1300.36731590761,692.3750090507567,1644.6868709972553,332.2609789569991,1641.0,274.5,1494.0,204.75,1056.0,54.0,745.230876216968,23.179921608294347,72.0,20.25,60.0,20.25,53.366287995087504,145.8759210930304,231.0,281.25,822.8967861762462,681.5285148087956,861.0,686.25), 1.7145452308316167
frame_1, (60.0,18.0,53.11638065522621,150.93989859594384,219.0,384.75,1150.644420770121,848.9659269009742,1710.8851421817424,263.0260898282695,1697.269632711039,115.57012226055205,1689.0,99.0,832.5714285714286,37.17226890756303,60.0,18.0), 1.7271427536088655
frame_2, (1166.3737061134818,832.5151147070007,1710.8851421817424,263.0260898282695,1697.304254950638,115.94508111540918,1689.0,96.75,1497.364586123761,53.78020358960621,393.0,27.0,204.0,22.5,60.0,20.25,55.00212916962385,148.7666784953868,198.0,281.25,969.7073862838198,787.4858399123423,1166.3737061134818,832.5151147070007), 1.7050633132662116
frame_3, (92.1677922077922,493.2584415584416,612.9566197183099,713.4448943661972,1163.1860579417305,847.7046459874942,1722.173107297041,375.04764286466406,1689.0,99.0,723.0,47.25,288.0,24.75,60.0,18.0,52.97749196141479,199.33118971061094,92.1677922077922,493.2584415584416), 1.681569029940504
frame_4, (60.0,438.75,62.51576834862385,447.17782396788994,1131.1101221043023,868.276446422458,1731.673949299533,265.19979986657773,1689.0,96.75,1053.0,31.5,60.0,18.0,45.0,139.5,60.0,438.75), 1.6901141933110337
frame_5, (87.32737030411448,456.9552772808587,865.6100647883079,763.6514238360705,1384.412072253091,882.4377934512947,1784.0926590538336,829.4498368678629,1810.551820467455,809.3372986311574,1779.0356294536818,452.15380047505937,1689.0,96.75,393.0,29.25,353.625,27.5625,204.0,22.5,60.0,18.0,51.272727272727266,186.54545454545456,87.32737030411448,456.9552772808587), 1.6804735434747944
frame_6, (60.0,438.75,819.0,738.0,1365.013524590164,884.7608606557377,1809.0,825.75,1761.963885429639,261.31662515566626,1689.0,94.5,1068.0,31.5,188.47058823529412,19.72058823529412,72.0,20.25,57.101123595505626,41.480898876404495,45.0,139.5,60.0,438.75), 1.6894218600338504
frame_7, (1809.0,825.75,1777.022950819672,442.0254098360653,1689.0,92.25,671.6037735849056,26.962541620421753,63.0,20.25,45.0,139.5,60.0,438.75,62.79747548743379,449.3903978361321,1006.5418994413408,872.409957279001,1274.21978021978,907.8379120879121,1788.0,848.25,1809.0,825.75), 1.5683493104661594
frame_8, (63.0,20.25,60.0,47.25,49.36863543788187,226.6542769857434,60.0,438.75,62.79747548743379,449.3903978361321,1006.5418994413408,872.409957279001,1114.916423712342,886.7536443148688,1754.407000244978,242.5806054017637,1689.0,92.25,567.0,18.0,63.0,20.25), 1.5722553406512503
frame_9, (1758.0,213.75,1695.0,38.25,186.51020408163265,21.612244897959187,93.0,22.5,59.90946502057613,48.77777777777778,48.0,249.75,51.30341151063926,444.2383526888865,657.7047595048352,716.0488392604025,1420.9981576523228,890.8146466640349,1752.3548543689321,852.3841019417476,1788.0,824.917808219178,1788.0,353.25,1758.0,213.75), 1.677091013778819
frame_10, (1733.572398190045,207.29270361990947,1392.0,117.0,957.0,56.25,642.3399703452658,25.389112476170304,439.84979253112033,18.567634854771782,63.0,20.25,60.0,47.25,56.522318454363756,369.37025316455697,60.0,438.75,63.2347455909183,449.58639772957633,698.4185186281184,734.2981830556623,1146.8715707071156,843.7237993591849,1740.5169337878017,231.77219160200158,1733.572398190045,207.29270361990947), 1.6780558687290508
frame_11, (1700.7804878048778,91.70121951219502,1692.0,69.75,288.0,24.75,149.79956896551724,21.985991379310345,96.0,22.5,59.860465116279066,49.6046511627907,49.36863543788187,226.6542769857434,60.0,438.75,81.68472372697725,511.3938244853738,533.5897465044903,694.0788336933047,1146.8715707071156,843.7237993591849,1740.5169337878017,231.77219160200158,1700.7804878048778,91.70121951219502), 1.6828104187061674
frame_12, (49.304812834224606,171.7860962566845,231.0,281.25,1259.3078444297955,858.838497033619,1472.650569351077,908.6184661819179,1788.0,848.25,1767.4926631283172,414.5198251639088,1689.0,101.25,1637.1709442521187,89.227796347141,570.0,27.0,63.0,20.25,45.0,139.5,49.304812834224606,171.7860962566845), 1.693873702073492
frame_13, (1423.3203667685468,891.3463462072798,1446.0,886.5,1756.7925699551142,371.8149890172858,1689.0,101.25,1637.1310615989516,88.81749672346004,576.6788321167884,18.64051094890511,458.35714285714283,18.49383116883117,72.0,20.25,59.62797404470079,37.88013698630137,57.38909015629852,157.52049477279786,144.0,283.5,1200.7292751181053,840.3812626004272,1423.3203667685468,891.3463462072798), 1.695873552152823
frame_14, (1758.0,213.75,1392.0,117.0,420.0,29.25,60.0,20.25,45.0,139.5,86.2985347985348,449.239010989011,994.1321124918248,811.3229234793984,1381.4795810068756,894.094100410687,1446.0,886.5,1758.0,213.75), 1.5788270323477986
