frame_0, (33.0,524.25,438.0,101.25,822.0,42.75,1227.0,18.0,1806.0,22.5,1617.0,353.25,1314.0,643.5,1284.0,666.0,1092.0,789.75,546.0,940.5,183.0,870.75,42.0,738.0,33.0,524.25), 2.8328656134357524
frame_1, (1710.0,83.25,1692.0,839.25,1350.0,1030.5,780.0,1030.5,240.0,1008.0,72.0,686.25,33.0,524.25,45.0,166.5,798.0,49.5,1227.0,18.0,1710.0,83.25), 2.8438928538979664
frame_2, (1710.0,83.25,1755.0,580.5,1350.0,1030.5,777.0,1028.25,267.0,990.0,96.0,677.25,33.0,524.25,99.0,369.0,288.0,240.75,798.0,49.5,1176.0,31.5,1308.0,33.75,1710.0,83.25), 2.799412659849961
frame_3, (1710.0,83.25,1350.0,1030.5,240.0,1008.0,57.0,663.75,33.0,524.25,99.0,369.0,222.0,279.0,288.0,240.75,798.0,49.5,1176.0,31.5,1308.0,33.75,1710.0,83.25), 2.8499004917318786
frame_4, (33.0,524.25,45.0,166.5,798.0,49.5,1227.0,18.0,1707.0,83.25,1755.0,580.5,1350.0,1030.5,780.0,1030.5,216.0,1026.0,122.99999999999999,911.25,57.0,663.75,33.0,524.25), 2.914267410860383
frame_5, (1710.0,83.25,1350.0,1030.5,780.0,1030.5,267.0,990.0,122.99999999999999,911.25,57.0,663.75,45.0,166.5,867.0,29.25,1227.0,18.0,1710.0,83.25), 2.5405119905413067
frame_6, (33.0,524.25,45.0,166.5,663.0,69.75,798.0,49.5,1227.0,18.0,1710.0,83.25,1620.0,353.25,1350.0,1030.5,783.0,1030.5,240.0,1008.0,84.0,933.75,33.0,524.25), 2.8418349578633983
frame_7, (24.0,906.75,42.0,141.75,1227.0,18.0,1266.0,22.5,1362.0,38.25,1704.0,112.5,1809.0,148.5,1821.0,207.0,1887.0,1014.75,1053.0,1048.5,279.0,1028.25,216.0,1026.0,24.0,906.75), 2.849968268032523
frame_8, (1785.0,468.0,1689.0,841.5,1350.0,1030.5,780.0,1030.5,267.0,990.0,122.99999999999999,911.25,33.0,524.25,99.0,369.0,288.0,240.75,522.0,141.75,1026.0,36.0,1308.0,33.75,1710.0,83.25,1785.0,468.0), 2.894851485695197
frame_9, (1740.0,353.25,1740.0,387.0,1350.0,1030.5,780.0,1030.5,267.0,990.0,93.0,677.25,33.0,524.25,99.0,369.0,1080.0,56.25,1143.0,38.25,1308.0,33.75,1362.0,38.25,1710.0,83.25,1740.0,353.25), 2.873426974413008
frame_10, (90.0,677.25,33.0,524.25,99.0,369.0,288.0,240.75,795.0,51.75,1362.0,38.25,1710.0,83.25,1740.0,353.25,1740.0,387.0,1350.0,1030.5,342.0,1057.5,270.0,987.75,90.0,677.25), 2.7775946343463027
frame_11, (45.0,166.5,798.0,49.5,1308.0,31.5,1362.0,38.25,1710.0,83.25,1740.0,155.25,1785.0,470.25,1755.0,580.5,1086.0,1005.75,780.0,1028.25,342.0,1057.5,240.0,1008.0,122.99999999999999,911.25,90.0,677.25,45.0,166.5), 2.766928562475674
frame_12, (1053.0,1048.5,240.0,1008.0,72.0,688.5,48.0,609.75,33.0,524.25,99.0,369.0,222.0,279.0,288.0,240.75,663.0,69.75,798.0,49.5,939.0,42.75,1308.0,33.75,1362.0,38.25,1710.0,83.25,1653.0,348.75,1053.0,1048.5), 2.8258876747271167
frame_13, (1053.0,1048.5,240.0,1008.0,122.99999999999999,911.25,48.0,609.75,33.0,524.25,99.0,369.0,798.0,49.5,1026.0,36.0,1308.0,33.75,1362.0,38.25,1710.0,83.25,1638.0,258.75,1053.0,1048.5), 2.7809556140201988
frame_14, (780.0,1030.5,240.0,1008.0,122.99999999999999,911.25,87.0,623.25,105.0,490.5,522.0,144.0,1026.0,36.0,1176.0,31.5,1308.0,33.75,1362.0,38.25,1710.0,83.25,1740.0,353.25,1002.0,985.5,780.0,1030.5), 2.788704769110784
