frame_0, (39.0,560.25,45.0,139.5,93.0,54.0,159.0,31.5,201.0,22.5,288.0,24.75,417.0,29.25,1437.0,249.75,1476.0,375.75,1503.0,474.75,1329.0,747.0,1287.0,776.25,1257.0,796.5,1104.0,897.75,849.0,960.75,438.0,1005.75,222.0,1003.5,129.0,902.25,51.0,659.25,39.0,560.25), 2.8328656134357524
frame_1, (1764.0,81.0,1860.0,771.75,1833.0,1041.75,1617.0,1059.75,930.0,1012.5,486.0,879.75,51.0,659.25,30.0,490.5,36.0,270.0,45.0,139.5,60.0,18.0,693.0,18.0,1695.0,38.25,1764.0,81.0), 2.8438928538979664
frame_2, (1758.0,213.75,1791.0,846.0,1746.0,893.25,624.0,981.0,441.0,974.25,198.0,949.5,129.0,902.25,51.0,659.25,39.0,560.25,45.0,139.5,60.0,47.25,204.0,22.5,288.0,24.75,441.0,42.75,1758.0,213.75), 2.799412659849961
frame_3, (60.0,47.25,201.0,22.5,288.0,24.75,546.0,47.25,1758.0,213.75,1257.0,796.5,1041.0,940.5,624.0,981.0,222.0,1003.5,129.0,902.25,51.0,659.25,39.0,560.25,45.0,139.5,60.0,47.25), 2.8499004917318786
frame_4, (222.0,1003.5,129.0,902.25,51.0,659.25,39.0,560.25,45.0,139.5,60.0,47.25,201.0,22.5,1854.0,18.0,1755.0,301.5,1284.0,807.75,1005.0,963.0,222.0,1003.5), 2.914267410860383
frame_5, (222.0,1003.5,129.0,902.25,48.0,659.25,39.0,560.25,45.0,139.5,60.0,47.25,204.0,22.5,1854.0,18.0,1755.0,301.5,1587.0,567.0,1296.0,814.5,993.0,972.0,222.0,1003.5), 2.5405119905413067
frame_6, (927.0,1012.5,222.0,1003.5,129.0,902.25,48.0,659.25,39.0,560.25,45.0,139.5,60.0,47.25,204.0,22.5,288.0,24.75,552.0,33.75,1758.0,213.75,1755.0,301.5,1587.0,567.0,1284.0,807.75,927.0,1012.5), 2.8418349578633983
frame_7, (858.0,1059.75,222.0,1003.5,48.0,659.25,45.0,249.75,45.0,139.5,60.0,47.25,204.0,22.5,288.0,24.75,663.0,49.5,1758.0,213.75,1755.0,301.5,1587.0,567.0,1284.0,807.75,858.0,1059.75), 2.849968268032523
frame_8, (222.0,1003.5,129.0,902.25,48.0,249.75,45.0,139.5,60.0,47.25,159.0,31.5,204.0,24.75,288.0,24.75,393.0,29.25,663.0,49.5,1758.0,213.75,1755.0,301.5,1284.0,807.75,1005.0,963.0,624.0,983.25,222.0,1003.5), 2.894851485695197
frame_9, (204.0,24.75,1878.0,20.25,1755.0,301.5,1284.0,807.75,993.0,972.0,222.0,1003.5,48.0,249.75,45.0,139.5,60.0,47.25,156.0,31.5,204.0,24.75), 2.873426974413008
frame_10, (1875.0,753.75,900.0,1032.75,222.0,1003.5,48.0,659.25,45.0,139.5,60.0,47.25,156.0,31.5,204.0,24.75,288.0,24.75,663.0,49.5,1758.0,213.75,1875.0,753.75), 2.7775946343463027
frame_11, (930.0,1012.5,222.0,1003.5,48.0,659.25,45.0,139.5,60.0,47.25,156.0,31.5,288.0,24.75,663.0,49.5,1758.0,213.75,1755.0,301.5,1284.0,807.75,930.0,1012.5), 2.766928562475674
frame_12, (930.0,1012.5,222.0,1003.5,129.0,902.25,54.0,603.0,45.0,139.5,60.0,47.25,156.0,31.5,288.0,24.75,393.0,29.25,663.0,49.5,1758.0,213.75,1755.0,301.5,1296.0,814.5,930.0,1012.5), 2.8258876747271167
frame_13, (1788.0,848.25,927.0,1012.5,222.0,1003.5,54.0,603.0,45.0,139.5,60.0,47.25,156.0,31.5,288.0,24.75,663.0,49.5,1758.0,213.75,1788.0,848.25), 2.7809556140201988
frame_14, (1758.0,213.75,1788.0,848.25,900.0,1032.75,222.0,1003.5,48.0,659.25,39.0,560.25,45.0,139.5,60.0,47.25,156.0,31.5,288.0,24.75,420.0,29.25,663.0,49.5,1758.0,213.75), 2.788704769110784
