frame_0, 
(279.0,33.75,1464.0,22.5,1785.0,279.0,1866.0,542.25,1881.0,596.25,1893.0,738.0,1893.0,866.25,1872.0,1003.5,1515.0,1057.5,792.0,1059.75,144.0,888.75,33.0,720.0,33.0,405.0,66.0,312.75,279.0,33.75), 2.8328656134357524
frame_1, 
(24.0,204.75,48.0,191.25,639.0,27.0,1446.0,180.0,1758.0,265.5,1866.0,540.0,1893.0,738.0,1893.0,868.5,1872.0,927.0,1575.0,1050.75,144.0,888.75,33.0,720.0,24.0,204.75), 2.8438928538979664
frame_10, 
(117.0,866.25,144.0,483.75,432.0,164.25,555.0,141.75,1446.0,180.0,1758.0,265.5,1866.0,542.25,1893.0,738.0,1893.0,868.5,1851.0,1039.5,1380.0,1028.25,162.0,904.5,117.0,866.25), 2.7775946343463027
frame_11, 
(117.0,866.25,24.0,279.0,45.0,78.75,639.0,22.5,1446.0,180.0,1758.0,265.5,1839.0,528.75,1893.0,868.5,1863.0,1001.25,1380.0,1028.25,870.0,1053.0,117.0,866.25), 2.766928562475674
frame_12, 
(870.0,1053.0,204.0,873.0,162.0,630.0,144.0,483.75,399.0,157.5,528.0,85.5,1446.0,180.0,1890.0,252.0,1893.0,738.0,1893.0,866.25,1872.0,1003.5,1380.0,1028.25,870.0,1053.0), 2.8258876747271167
frame_13, 
(204.0,873.0,24.0,204.75,48.0,191.25,555.0,141.75,1788.0,258.75,1866.0,540.0,1893.0,738.0,1893.0,868.5,1890.0,972.0,1380.0,1028.25,870.0,1053.0,204.0,873.0), 2.7809556140201988
frame_14, 
(204.0,873.0,24.0,204.75,48.0,191.25,555.0,141.75,1227.0,164.25,1866.0,540.0,1893.0,868.5,1872.0,927.0,1380.0,1028.25,204.0,873.0), 2.788704769110784
frame_2, 
(1380.0,1028.25,162.0,904.5,117.0,866.25,24.0,204.75,555.0,141.75,1446.0,180.0,1758.0,265.5,1866.0,542.25,1893.0,868.5,1872.0,927.0,1380.0,1028.25), 2.799412659849961
frame_3, 
(1575.0,1050.75,795.0,1059.75,162.0,904.5,117.0,866.25,54.0,243.0,45.0,78.75,1446.0,180.0,1758.0,265.5,1866.0,542.25,1893.0,738.0,1893.0,868.5,1872.0,927.0,1575.0,1050.75), 2.8499004917318786
frame_4, 
(54.0,387.0,528.0,85.5,639.0,27.0,1446.0,180.0,1758.0,265.5,1866.0,540.0,1893.0,738.0,1893.0,868.5,1872.0,927.0,1575.0,1050.75,162.0,904.5,117.0,866.25,54.0,387.0), 2.914267410860383
frame_5, 
(1380.0,1028.25,117.0,866.25,144.0,483.75,279.0,33.75,639.0,18.0,1446.0,180.0,1788.0,258.75,1866.0,540.0,1893.0,738.0,1893.0,868.5,1872.0,927.0,1599.0,1023.75,1380.0,1028.25), 2.5405119905413067
frame_6, 
(639.0,18.0,1890.0,252.0,1893.0,738.0,1893.0,868.5,1872.0,927.0,1578.0,1050.75,1248.0,1057.5,117.0,866.25,144.0,483.75,432.0,164.25,528.0,85.5,639.0,18.0), 2.8418349578633983
frame_7, 
(117.0,866.25,144.0,483.75,639.0,18.0,1446.0,180.0,1758.0,265.5,1866.0,540.0,1893.0,868.5,1872.0,927.0,1380.0,1028.25,162.0,904.5,117.0,866.25), 2.849968268032523
frame_8, 
(117.0,866.25,24.0,204.75,48.0,191.25,555.0,141.75,1227.0,164.25,1446.0,180.0,1638.0,252.0,1866.0,542.25,1872.0,927.0,1419.0,1014.75,870.0,1053.0,321.0,956.25,162.0,904.5,117.0,866.25), 2.894851485695197
frame_9, 
(162.0,904.5,54.0,387.0,555.0,141.75,1758.0,294.75,1866.0,420.75,1893.0,868.5,1872.0,927.0,1596.0,1023.75,867.0,1053.0,162.0,904.5), 2.873426974413008
