frame_0, 
(24.0,513.0,39.0,29.25,1878.0,65.25,1851.0,1008.0,1233.0,1057.5,54.0,924.75,36.0,814.5,24.0,513.0), 5.47538539663642
frame_1, 
(1851.0,31.5,1890.0,684.0,1788.0,972.0,1641.0,1053.0,126.0,940.5,81.0,918.0,42.0,812.25,24.0,513.0,39.0,29.25,126.0,22.5,1851.0,31.5), 5.411774724431089
frame_10, 
(24.0,513.0,39.0,29.25,1878.0,63.0,1890.0,684.0,1788.0,972.0,1230.0,1057.5,81.0,918.0,48.0,812.25,24.0,513.0), 5.339239932685135
frame_11, 
(1878.0,63.0,1788.0,972.0,972.0,963.0,126.0,940.5,81.0,918.0,48.0,812.25,24.0,513.0,39.0,29.25,804.0,29.25,1878.0,63.0), 5.304256882451062
frame_12, 
(24.0,513.0,126.0,20.25,1878.0,63.0,1851.0,1008.0,1671.0,1037.25,1230.0,1057.5,519.0,949.5,48.0,812.25,24.0,513.0), 5.3711085015898306
frame_13, 
(1851.0,175.5,1890.0,684.0,1644.0,1053.0,177.0,983.25,30.0,931.5,45.0,90.0,126.0,20.25,1851.0,175.5), 5.298079364377609
frame_14, 
(36.0,535.5,126.0,20.25,1878.0,63.0,1890.0,684.0,1764.0,866.25,1611.0,947.25,1365.0,1059.75,747.0,1026.0,506.99999999999994,972.0,36.0,814.5,36.0,535.5), 5.298701823712815
frame_2, 
(36.0,535.5,39.0,29.25,1851.0,175.5,1875.0,452.25,1890.0,684.0,1851.0,1008.0,1356.0,1019.25,78.0,918.0,42.0,812.25,36.0,535.5), 5.3664423347577985
frame_3, 
(24.0,513.0,39.0,29.25,1851.0,177.75,1875.0,452.25,1890.0,684.0,1788.0,972.0,1356.0,1019.25,891.0,985.5,81.0,918.0,42.0,812.25,24.0,513.0), 4.914522333443865
frame_4, 
(24.0,513.0,39.0,29.25,1371.0,78.75,1812.0,245.25,1890.0,684.0,1788.0,972.0,1356.0,1019.25,126.0,940.5,81.0,918.0,42.0,812.25,24.0,513.0), 4.804774642159586
frame_5, 
(24.0,513.0,39.0,29.25,1371.0,78.75,1851.0,177.75,1890.0,684.0,1788.0,972.0,1641.0,1053.0,519.0,949.5,42.0,812.25,24.0,513.0), 5.090199466987704
frame_6, 
(24.0,513.0,39.0,29.25,1371.0,99.0,1851.0,177.75,1890.0,684.0,1788.0,972.0,1482.0,996.75,1296.0,1008.0,747.0,1026.0,78.0,918.0,42.0,812.25,24.0,513.0), 5.220783035800973
frame_7, 
(36.0,641.25,39.0,29.25,1371.0,78.75,1851.0,175.5,1788.0,972.0,1671.0,1037.25,747.0,1026.0,126.0,940.5,81.0,918.0,48.0,812.25,36.0,641.25), 5.183945024997064
frame_8, 
(36.0,814.5,39.0,29.25,1878.0,63.0,1890.0,684.0,1788.0,972.0,1485.0,996.75,891.0,985.5,126.0,940.5,69.0,920.25,36.0,814.5), 5.265806002885061
frame_9, 
(24.0,513.0,39.0,29.25,1878.0,63.0,1788.0,972.0,1485.0,996.75,1296.0,1005.75,177.0,985.5,81.0,918.0,48.0,812.25,24.0,513.0), 5.153758628909581
