frame_0, (87.0,623.25,33.0,524.25,42.0,141.75,201.0,31.5,948.0,18.0,1266.0,22.5,1377.0,24.75,1620.0,103.5,1848.0,209.25,1842.0,310.5,1782.0,857.25,87.0,623.25), 5.47538539663642
frame_1, (42.0,141.75,867.0,29.25,1227.0,18.0,1377.0,27.0,1734.0,130.5,1869.0,240.75,1881.0,319.5,1893.0,542.25,1851.0,765.0,1773.0,855.0,96.0,677.25,54.0,470.25,42.0,141.75), 5.411774724431089
frame_2, (42.0,141.75,204.0,112.5,948.0,18.0,1377.0,27.0,1674.0,60.75,1842.0,234.0,1869.0,677.25,1776.0,749.25,465.0,724.5,96.0,677.25,57.0,663.75,42.0,141.75), 5.3664423347577985
frame_3, (33.0,524.25,42.0,141.75,204.0,112.5,867.0,29.25,1377.0,27.0,1734.0,130.5,1842.0,234.0,1890.0,992.25,405.0,886.5,87.0,623.25,33.0,524.25), 4.914522333443865
frame_4, (1650.0,879.75,240.0,1008.0,93.0,677.25,54.0,470.25,42.0,141.75,867.0,29.25,1377.0,27.0,1830.0,96.75,1881.0,319.5,1824.0,594.0,1650.0,879.75), 4.804774642159586
frame_5, (93.0,677.25,33.0,524.25,42.0,141.75,948.0,18.0,1377.0,27.0,1674.0,63.0,1842.0,234.0,1851.0,873.0,465.0,724.5,93.0,677.25), 5.090199466987704
frame_6, (45.0,166.5,81.0,117.0,867.0,29.25,1227.0,18.0,1377.0,27.0,1731.0,128.25,1842.0,234.0,1866.0,677.25,1776.0,857.25,597.0,744.75,90.0,677.25,57.0,663.75,45.0,166.5), 5.220783035800973
frame_7, (1866.0,677.25,1842.0,1055.25,240.0,1008.0,122.99999999999999,911.25,54.0,663.75,42.0,141.75,81.0,117.0,819.0,18.0,1266.0,22.5,1377.0,27.0,1620.0,103.5,1845.0,209.25,1866.0,677.25), 5.183945024997064
frame_8, (1887.0,605.25,1842.0,1053.0,465.0,724.5,87.0,623.25,54.0,470.25,42.0,141.75,81.0,117.0,867.0,29.25,1377.0,27.0,1734.0,130.5,1842.0,234.0,1887.0,605.25), 5.265806002885061
frame_9, (1893.0,542.25,1842.0,1053.0,93.0,677.25,87.0,623.25,42.0,141.75,867.0,29.25,1377.0,27.0,1620.0,103.5,1842.0,234.0,1893.0,542.25), 5.153758628909581
frame_10, (36.0,452.25,42.0,141.75,867.0,29.25,897.0,27.0,1266.0,22.5,1377.0,27.0,1620.0,103.5,1842.0,234.0,1881.0,319.5,1893.0,542.25,1773.0,747.0,600.0,742.5,90.0,677.25,54.0,663.75,36.0,452.25), 5.339239932685135
frame_11, (1887.0,540.0,1842.0,1055.25,90.0,677.25,42.0,141.75,81.0,117.0,867.0,29.25,1377.0,27.0,1620.0,103.5,1842.0,234.0,1887.0,540.0), 5.304256882451062
frame_12, (87.0,623.25,84.0,119.25,867.0,29.25,1377.0,27.0,1617.0,105.75,1842.0,234.0,1893.0,542.25,1851.0,765.0,122.99999999999999,911.25,87.0,623.25), 5.3711085015898306
frame_13, (96.0,677.25,42.0,141.75,867.0,29.25,1266.0,22.5,1377.0,27.0,1617.0,103.5,1842.0,234.0,1890.0,969.75,96.0,677.25), 5.298079364377609
frame_14, (36.0,526.5,42.0,141.75,867.0,29.25,1377.0,27.0,1821.0,207.0,1842.0,234.0,1842.0,310.5,1737.0,650.25,594.0,747.0,456.0,749.25,96.0,677.25,51.0,661.5,36.0,526.5), 5.298701823712815
