frame_0, (1887.0,474.75,1758.0,654.75,1338.0,967.5,1197.0,1048.5,1167.0,1048.5,42.0,1037.25,24.0,517.5,24.0,308.25,93.0,49.5,1128.0,24.75,1293.0,29.25,1674.0,119.25,1791.0,207.0,1830.0,272.25,1845.0,317.25,1887.0,474.75), 0.3162932931829332
frame_1, (1167.0,1050.75,237.0,974.25,45.0,607.5,30.0,515.25,24.0,308.25,93.0,49.5,1245.0,24.75,1350.0,33.75,1743.0,85.5,1881.0,243.0,1887.0,474.75,1872.0,1046.25,1167.0,1050.75), 4.007410401122835
frame_2, (1887.0,474.75,1833.0,978.75,1170.0,1050.75,912.0,1003.5,156.0,690.75,42.0,607.5,27.0,517.5,24.0,308.25,93.0,49.5,998.9999999999999,27.0,1128.0,24.75,1389.0,49.5,1743.0,85.5,1866.0,112.5,1887.0,474.75), 5.315610845392077
frame_3, (1887.0,474.75,1833.0,978.75,1167.0,1050.75,882.0,1021.5,342.0,747.0,27.0,517.5,24.0,308.25,998.9999999999999,27.0,1128.0,24.75,1389.0,49.5,1512.0,63.0,1644.0,114.75,1791.0,207.0,1830.0,272.25,1845.0,317.25,1887.0,474.75), 5.365913693602181
frame_4, (1887.0,474.75,1872.0,1044.0,1167.0,1050.75,585.0,999.0,264.0,967.5,201.0,814.5,24.0,308.25,93.0,49.5,998.9999999999999,27.0,1155.0,31.5,1242.0,36.0,1389.0,49.5,1743.0,85.5,1854.0,261.0,1887.0,474.75), 5.344260624038001
frame_5, (48.0,859.5,24.0,308.25,93.0,49.5,998.9999999999999,27.0,1128.0,24.75,1389.0,49.5,1839.0,141.75,1881.0,243.0,1887.0,474.75,1875.0,1046.25,1236.0,1055.25,1164.0,1050.75,264.0,965.25,48.0,859.5), 5.330120751398515
frame_6, (48.0,859.5,24.0,308.25,93.0,49.5,1128.0,24.75,1389.0,49.5,1512.0,63.0,1677.0,117.0,1881.0,243.0,1887.0,474.75,1872.0,1046.25,1233.0,1057.5,618.0,1050.75,234.0,974.25,48.0,859.5), 5.360537088419447
frame_7, (48.0,859.5,24.0,308.25,93.0,49.5,1128.0,24.75,1269.0,29.25,1815.0,103.5,1839.0,141.75,1881.0,243.0,1887.0,474.75,1779.0,760.5,1230.0,1057.5,264.0,967.5,48.0,859.5), 5.32336258812928
frame_8, (48.0,859.5,24.0,308.25,69.0,78.75,1029.0,36.0,1155.0,31.5,1242.0,36.0,1389.0,49.5,1815.0,94.5,1839.0,141.75,1881.0,243.0,1887.0,474.75,1872.0,1044.0,1233.0,1057.5,1161.0,1053.0,48.0,859.5), 5.320175499792612
frame_9, (51.0,859.5,24.0,308.25,93.0,49.5,303.0,20.25,1128.0,24.75,1542.0,29.25,1839.0,141.75,1887.0,474.75,1872.0,1044.0,1164.0,1053.0,618.0,1050.75,51.0,859.5), 5.301896738065593
frame_10, (1167.0,1053.0,264.0,967.5,30.0,515.25,24.0,308.25,93.0,49.5,1155.0,31.5,1242.0,36.0,1512.0,63.0,1839.0,141.75,1887.0,474.75,1833.0,978.75,1167.0,1053.0), 5.318252939789162
frame_11, (1887.0,474.75,1833.0,978.75,1236.0,1057.5,1167.0,1053.0,261.0,967.5,78.0,598.5,24.0,308.25,93.0,49.5,998.9999999999999,27.0,1245.0,27.0,1755.0,29.25,1851.0,261.0,1887.0,474.75), 5.281693847663013
frame_12, (1167.0,1053.0,69.0,1028.25,45.0,859.5,33.0,724.5,24.0,308.25,63.0,54.0,93.0,49.5,998.9999999999999,27.0,1128.0,24.75,1269.0,29.25,1674.0,119.25,1791.0,207.0,1887.0,474.75,1872.0,1044.0,1167.0,1053.0), 5.414834849179249
frame_13, (1167.0,1053.0,75.0,850.5,36.0,686.25,24.0,308.25,69.0,78.75,93.0,49.5,998.9999999999999,27.0,1128.0,24.75,1269.0,29.25,1389.0,49.5,1674.0,119.25,1881.0,243.0,1887.0,474.75,1875.0,1046.25,1167.0,1053.0), 5.325863612410877
frame_14, (1167.0,1053.0,75.0,850.5,42.0,607.5,30.0,515.25,24.0,308.25,63.0,54.0,93.0,49.5,998.9999999999999,27.0,1245.0,33.75,1599.0,119.25,1881.0,243.0,1887.0,474.75,1677.0,695.25,1167.0,1053.0), 5.374604846532452
