frame_0, (150.0,816.75,1620.5769230769229,960.6107859531772,1791.0,936.0,1863.0,722.25,1887.0983606557377,328.2418032786885,1882.6995708154504,198.91738197424837,1881.0,193.5,1860.0,155.25,1203.0,146.25,1164.0,148.5,420.0,270.0,267.0,299.25,144.0,366.75,87.20707506471096,435.8224762726488,79.55877616747182,496.46256038647346,150.0,816.75), 1.6933402935314164
frame_1, (1839.0,807.75,1863.0,722.25,1883.5431619786614,387.91003879728424,1878.0,335.25,1863.0,303.75,1812.0,276.75,1302.0,209.25,981.0000000000001,218.25,339.0,247.5,72.0,391.5,102.0,589.5,150.0,819.0,1061.5638766519824,991.7560572687224,1792.6758714350383,955.4081598008148,1839.0,807.75), 1.4706644053129423
frame_2, (1824.7652303120356,933.2239970282317,1863.0,722.25,1877.918238993711,540.4339622641486,1887.7185329258127,341.3098082800778,1887.0,267.75,1183.4399166955918,178.62610204790002,491.99999999999994,247.5,345.0,281.25,177.0,348.75,93.0,396.0,76.57117979973879,423.5769481932956,102.0,589.5,150.0,821.25,1685.2062450896206,960.7511099742376,1797.8693828156515,955.1499596611537,1824.7652303120356,933.2239970282317), 1.6368462748250683
frame_3, (122.87081339712918,692.3863636363636,147.0,776.25,163.21067636649624,822.4504276445143,1685.20624508962,960.7511099742376,1812.803787643589,954.4074821484011,1863.0,722.25,1880.1764705882354,512.9117647058824,1885.1999999999998,403.65000000000003,1878.0,335.25,1863.0,303.75,1422.0,222.75,1302.0,209.25,981.0000000000001,218.25,610.9429037520392,229.97716150081567,491.99999999999994,247.5,98.52576419213975,332.62663755458516,51.0,351.0,122.87081339712918,692.3863636363636), 1.6086599000969575
frame_4, (163.21067636649624,822.4504276445143,959.4084064353448,894.7993172212948,1863.0,722.25,1880.1764705882354,512.9117647058829,1885.1999999999998,403.65000000000003,1878.0,335.25,1863.0,303.75,1302.0,209.25,981.0000000000001,218.25,951.0,220.5,405.0,317.25,132.0,600.75,117.0,645.75,122.13618677042801,673.0651750972763,147.0,776.25,163.21067636649624,822.4504276445143), 1.5936005276661904
frame_5, (1674.0,801.0,1884.3845776031435,434.30857072691555,1885.5572519083971,407.0438931297708,1878.0,335.25,1863.0,303.75,1818.0,252.0,1302.0,209.25,981.0000000000001,218.25,951.0,220.5,228.044776119403,323.86567164179104,177.0,348.75,147.0,366.75,87.44910179640719,420.34580838323353,101.32867132867132,581.6958041958042,104.74634456452638,598.5171646535283,173.22656382757776,823.3605512338803,1429.9061490332836,937.5525026924458,1674.0,801.0), 1.5986863821155255
frame_6, (163.21067636649624,822.4504276445143,1702.084473527662,962.2848007138608,1818.0,949.5,1863.0,722.25,1883.0836820083682,477.4801255230125,1886.1484502446983,412.66027732463294,1878.0,335.25,1863.0,303.75,1818.0,252.0,1302.0,209.25,683.8540976433081,224.4276895667938,420.0,270.0,251.76164974822154,329.62293181999837,132.0,600.75,146.07142857142856,773.1249999999999,147.0,776.25,163.21067636649624,822.4504276445143), 1.6143213875537683
frame_7, (1863.0,303.75,1812.0,276.75,1299.0,180.0,770.2451873564129,209.50640695555734,420.0,270.0,217.85246556198842,341.64019764424035,177.0,400.5,132.0,600.75,143.04486251808973,736.0495658465992,170.61828845392975,823.123542486094,959.4084064353447,894.7993172212949,1863.0,722.25,1878.0,585.0,1885.938021454112,399.2502979737783,1878.0,335.25,1863.0,303.75), 1.5978672266288854
frame_8, (132.0,600.75,150.0,819.0,1440.586556930633,938.0233533516497,1863.0,722.25,1883.8705701078584,382.58147149460706,1878.0,335.25,1863.0,303.75,1690.3488372093022,111.74999999999999,471.0,281.25,405.0,317.25,171.0,465.75,151.55221358567084,500.62918215613377,132.0,600.75), 1.5726697752827525
frame_9, (150.0,819.0,939.5625312008874,891.8167976333549,1740.0,731.25,1880.013487475915,444.0794797687862,1884.248581157775,374.83569807037463,1865.526029138111,62.40311124222757,405.0,317.25,234.0,366.75,167.2284417549168,405.3523071104387,117.0,648.0,150.0,819.0), 1.6280327383979052
frame_10, (1740.0,731.25,1848.0,546.75,1879.5168539325844,452.1994382022472,1884.4337568058077,371.8080762250458,1871.2826086956522,120.99689440993788,1863.0,85.5,1762.8747935653557,41.21385100006116,405.0,317.25,193.824,406.99980000000005,102.0,589.5,150.0,819.0,1172.9430460135097,913.3401362507938,1740.0,731.25), 1.6791112324559805
frame_11, (1761.9955898566702,40.82497243660418,405.0,317.25,102.0,589.5,78.0,742.5,150.0,819.0,1440.586556930633,938.0233533516497,1863.0,722.25,1885.323651452282,357.25829875518673,1881.0,193.5,1875.2207357859531,137.87458193979933,1863.0,85.5,1761.9955898566702,40.82497243660418), 1.6637104956895012
frame_12, (102.0,589.5,150.0,821.25,964.1051218359364,890.456376901958,1863.0,722.25,1877.434544208362,479.74965729952015,1869.3655629139073,222.88708609271524,1869.0,222.75,1710.0,182.25,429.0,274.5,228.24112330535831,340.1737814719174,102.0,589.5), 1.6943259947485356
frame_13, (1792.6116673922506,955.4113517631694,1863.0,722.25,1885.354570637119,358.42936288088646,1881.0,193.5,1866.9734620024126,58.49457177322078,1771.405572755418,38.946594427244584,408.0,317.25,215.38221098598024,393.99615031027344,132.0,600.75,150.0,821.25,1685.20624508962,960.7511099742376,1792.6116673922506,955.4113517631694), 1.693689022629744
frame_14, (1756.5954624110748,38.640213420496075,444.0,265.5,420.0,270.0,242.14368370298936,327.63862102217934,132.0,600.75,146.01980198019803,772.4925742574258,147.0,776.25,163.21067636649624,822.4504276445143,959.408406435345,894.7993172212948,1863.0,722.25,1885.323651452282,357.25829875518673,1881.0,193.5,1874.3089005235602,129.09816753926702,1863.0,87.75,1756.5954624110748,38.640213420496075), 1.5975471011801718
