frame_0, 
(126.0,951.75,1620.0,1044.0,1843.3447886050192,794.7799005200089,1852.838551713904,574.6972102685859,1821.0,337.5,1609.8984532616007,104.28984532616006,1557.0,99.0,951.0,40.5,256.59999999999997,38.4,201.60000000000002,40.27499999999999,153.0,58.5,81.0,150.75,39.0,362.25,30.191489361702125,492.7260638297872,42.56603773584905,636.5801886792452,82.18032786885244,882.3688524590164,126.0,951.75), 1.6933402935314164
frame_1, 
(1212.0,40.5,344.24723247232475,32.44037677218878,153.0,60.75,39.0,362.25,37.33752808988764,604.1396629213483,93.0,949.5,106.5,964.6875,262.8231229847996,1026.1682404421924,937.2591316333563,1041.8771536871125,1548.0,1046.25,1620.0,1044.0,1866.0,769.5,1557.0,360.0,1212.0,40.5), 1.4706644053129423
frame_10, 
(1569.0,1037.25,1626.0,1017.0,1845.0,708.75,1875.0,659.25,1857.0,74.25,1647.0,60.75,1158.0,40.5,335.7246653919694,32.412045889101336,214.58600148920326,40.73454951600894,153.0,60.75,75.79488491048593,264.93721227621484,55.262870987280444,715.3582677165355,93.0,949.5,123.7267483777938,984.067591925018,1341.857142857143,1037.25,1569.0,1037.25), 1.6791112324559805
frame_11, 
(1659.0,42.75,338.0125019781611,32.25486627630954,198.3619744058501,41.8491773308958,153.0,60.75,78.0,119.25,51.7459165154265,772.6186685365452,57.0,839.25,93.0,949.5,291.0,1037.25,1569.0,1035.0,1626.0,1017.0,1866.0,767.25,1871.5566502463053,598.9876847290641,1851.0,108.0,1659.0,42.75), 1.6637104956895012
frame_12, 
(291.0,1037.25,1548.0,1046.25,1626.0,1017.0,1866.0,767.25,1884.0,591.75,1857.0,74.25,1715.2576374745418,38.26924643584521,802.1393981321341,26.612417848495326,742.8824185009752,27.13039843967679,315.0,42.75,153.0,60.75,81.0,150.75,39.0,362.25,28.69715603382014,514.8608762490392,31.19425173439048,564.8919722497523,85.15909090909092,885.1615612648221,126.0,951.75,291.0,1037.25), 1.6943259947485356
frame_13, 
(81.0,150.75,41.707045735475894,433.9867119901112,51.42665173572228,691.5562709966405,81.72909915748542,879.5691834089436,126.0,951.75,291.0,1037.25,688.8000000000001,1039.95,1452.0,1023.75,1626.0,1019.25,1866.0,769.5,1827.0,589.5,1659.0,42.75,1631.0131379484587,37.19378473976756,1213.3586159877282,31.86202488494972,153.0,60.75,81.0,150.75), 1.693689022629744
frame_14, 
(291.0,1037.25,1011.0000000000001,1005.75,1392.0,972.0,1608.0,942.75,1692.67583367641,885.8891930835734,1827.0,589.5,1833.4142568930731,460.8139710827169,1670.6292570771661,46.70213033481822,1659.0,42.75,1632.4161378059835,37.211695376246595,1311.4163201663202,33.11382536382536,153.0,60.75,39.0,362.25,126.0,951.75,291.0,1037.25), 1.5975471011801718
frame_2, 
(1212.0,40.5,1019.8449599181306,40.06980214907045,153.0,60.75,39.0,362.25,41.796975425330814,631.8085066162572,93.0,949.5,291.0,1037.25,1620.0,1046.25,1866.0,769.5,1557.0,360.0,1212.0,40.5), 1.6368462748250683
frame_3, 
(133.61432401378784,112.02001148985063,39.0,362.25,41.796975425330814,631.8085066162572,93.0,949.5,265.12541462644134,1025.7828542094455,909.1803738317757,1038.119859813084,1694.6770674971588,1039.2251553482604,1837.4200060507712,812.6207403944004,1659.0,42.75,1645.5741758241759,37.37967032967033,856.0698365527489,27.300891530460625,710.9908022483393,28.29458354624425,315.0,42.75,212.19999999999996,54.172222222222224,133.61432401378784,112.02001148985063), 1.6086599000969575
frame_4, 
(48.0,373.5,41.5049786628734,603.667318634424,41.796975425330814,631.8085066162572,93.0,949.5,264.3905845835489,1025.4571908949817,1548.0,1046.25,1620.0,1044.0,1851.0,587.25,1659.0,42.75,1645.5741758241759,37.37967032967033,856.0698365527489,27.300891530460625,355.8203000319183,30.727258218959463,153.0,60.75,53.39966832504146,324.1666666666667,48.0,373.5), 1.5936005276661904
frame_5, 
(180.0,121.5,40.462274649454706,503.17671934119744,41.796975425330814,631.8085066162572,93.0,949.5,106.5,964.6875,291.0,1037.25,1548.0,1046.25,1617.0,1044.0,1853.8937256079255,858.0659711798259,1800.0,587.25,1562.3418772233879,34.91491836176229,1041.244299674267,26.032573289902277,373.327228596646,30.60734774933804,180.0,121.5), 1.5986863821155255
frame_6, 
(1558.7266108481979,34.85329450309428,986.7256097560976,25.103277439024392,826.3178384660082,26.482931435212087,153.0,60.75,39.0,362.25,41.796975425330814,631.8085066162572,92.08337400718818,943.8127523627812,1420.0851063829787,1037.25,1569.0,1037.25,1626.0,1019.25,1639.7579617834397,1004.9331210191083,1851.0,587.25,1558.7266108481979,34.85329450309428), 1.6143213875537683
frame_7, 
(93.0,949.5,166.84528301886792,982.2268867924528,306.0,999.0,1191.3600000000001,1037.25,1569.0,1037.25,1626.0,1019.25,1639.7579617834397,1004.9331210191083,1851.0,587.25,1862.3264867446858,428.46136852161453,1857.0,74.25,1708.1326203208555,38.17828877005348,802.1393981321341,26.612417848495326,742.8824185009752,27.13039843967679,315.0,42.75,153.0,60.75,39.0,362.25,41.796975425330814,631.8085066162572,93.0,949.5), 1.5978672266288854
frame_8, 
(93.0,949.5,291.0,1037.25,1569.0,1037.25,1626.0,1019.25,1844.982136211388,789.3187569780425,1709.7932867942272,38.02334792201686,1707.1953488372094,37.38401162790698,982.677966101695,25.034283513097073,332.41263157894736,30.718421052631577,87.0,49.5,39.0,362.25,93.0,949.5), 1.5726697752827525
frame_9, 
(55.262870987280444,715.3582677165355,93.0,949.5,262.7805286048846,1024.743643358983,1569.0,1037.25,1626.0,1019.25,1866.0,767.25,1875.0,659.25,1857.0,74.25,1715.2576374745418,38.26924643584521,856.0698365527489,27.300891530460625,360.737954353339,30.693575655114117,214.58600148920326,40.73454951600894,153.0,60.75,75.79488491048593,264.93721227621484,55.262870987280444,715.3582677165355), 1.6280327383979052
