frame_0, (1450.904231625835,37.54844097995546,380.8255985569039,31.191538209248932,333.0,76.5,75.0,600.75,68.71052631578947,629.0526315789473,77.75463103552991,743.0083510476769,1782.0,445.5,1860.0114967000213,277.5236321055993,1806.0,166.5,1548.0,42.75,1450.904231625835,37.54844097995546), 1.6933402935314164
frame_1, (270.0,117.0,42.0,749.25,834.0,564.75,1794.0,211.5,1548.0,42.75,1410.8334771354616,35.295297670405525,524.557603686636,31.34654377880184,447.0,36.0,270.0,117.0), 1.4706644053129423
frame_2, (726.0,51.75,270.0,117.0,42.0,749.25,1338.0,479.25,1794.0,211.5,1548.0,42.75,862.3039513677812,36.55395136778115,726.0,51.75), 1.6368462748250683
frame_3, (529.051282051282,32.92307692307692,447.0,36.0,273.0,87.75,42.0,749.25,1782.0,445.5,1818.0,432.0,1549.3985036586366,44.76617610786813,927.0,36.0,529.051282051282,32.92307692307692), 1.6086599000969575
frame_4, (183.0,65.25,111.0,184.5,106.24633875639535,223.40768387428602,431.1286483089131,695.1367973445417,1482.0,549.0,1548.0,42.75,1410.8334771354616,35.295297670405525,584.5009401020682,31.61361804995971,183.0,65.25), 1.5936005276661904
frame_5, (186.0,67.5,42.0,749.25,1482.0,549.0,1809.0,360.0,1146.0,38.25,1122.0,36.0,1004.8682719546744,28.87712464589235,930.1095988538682,27.93320200573066,486.83090024330903,28.599452554744527,186.0,67.5), 1.5986863821155255
frame_6, (612.0,36.0,183.0,65.25,42.0,749.25,1338.0,479.25,1547.0851029857897,44.65167879382314,713.9521912350597,29.309387450199203,612.0,36.0), 1.6143213875537683
frame_7, (90.0,72.0,80.53462332862269,205.5505489727144,282.0,580.5,494.10551240765295,744.6832776524479,1824.0,731.25,1809.0,360.0,1801.8510638297873,289.22553191489357,1621.6879271070616,93.29812072892939,1548.0,42.75,1379.8578947368421,33.61184210526316,845.568093385214,26.865758754863815,485.1016885553471,27.951500938086305,90.0,72.0), 1.5978672266288854
frame_8, (447.0,36.0,270.0,87.75,173.42626262626263,367.94090909090903,456.0,731.25,464.3547854120491,735.186389280677,1461.0,702.0,1809.0,360.0,1808.0077487765088,295.9997960848287,1782.0,267.75,1482.0,130.5,792.0,56.25,687.0,45.0,567.0,33.75,495.0229591836735,33.11862244897959,447.0,36.0), 1.5726697752827525
frame_9, (447.0,36.0,273.0,117.0,163.64071398331126,416.3177860781449,346.31358619590054,746.1761253919606,1824.0,731.25,1806.0,166.5,1224.0,38.25,1107.1945945945945,35.27027027027027,644.91643454039,27.426183844011142,575.1641468682506,27.6414686825054,447.0,36.0), 1.6280327383979052
frame_10, (447.0,36.0,273.0,117.0,96.38052940131462,600.4097847879603,113.26438498679542,739.3397964627737,1482.0,549.0,1809.0,360.0,1797.0,189.0,1747.9932928107316,160.21594005449592,726.0,49.5,567.0,33.75,491.63659793814435,33.0889175257732,447.0,36.0), 1.6791112324559805
frame_11, (270.0,87.75,42.0,749.25,1809.0,360.0,1807.8185172760818,283.79436430727947,1782.0,267.75,1485.0,135.0,809.4408874801902,31.067828843106177,656.4294809955624,28.250096469226314,270.0,87.75), 1.6637104956895012
frame_12, (447.0,36.0,114.0,184.5,109.0403985703455,223.4018737138525,409.76623096035433,663.5771848330993,834.0,564.75,1794.0,211.5,1806.0,166.5,1359.570863520658,41.19857058938711,710.7272727272729,29.25,484.2857142857144,29.25,447.0,36.0), 1.6943259947485356
frame_13, (1791.5415781735012,212.94351413167783,1337.6077774052967,37.227204156889044,948.0,27.0,783.0,27.0,654.0,29.25,573.0,60.75,312.0,209.25,42.0,749.25,1338.0,479.25,1791.5415781735012,212.94351413167783), 1.693689022629744
frame_14, (633.0,29.25,270.0,117.0,172.54203513264775,387.25350126045373,357.5465642064688,746.0680178399348,1827.0,731.25,1794.0,211.5,1548.0,42.75,1338.221052631579,29.818421052631578,1317.0,29.25,948.0,27.0,633.0,29.25), 1.5975471011801718
