frame_0, 
(949.6153846153846,159.75,225.0,339.75,24.0,1019.25,1662.0,915.75,1671.0,607.5,1524.8464730290457,159.75,949.6153846153846,159.75), 1.6933402935314164
frame_1, 
(1638.0,771.75,1719.0,346.5,1636.3134582623509,243.14182282793868,981.5015290519877,163.80883909668313,225.0,339.75,96.0,614.25,111.0,715.5,317.43496062992125,984.7629921259842,319.7975598734749,985.6409850881157,706.8307012002527,1015.9965255843335,1263.0,924.75,1638.0,771.75), 1.4706644053129423
frame_10, 
(1773.8043273753528,181.72705064789244,948.0,159.75,937.6350654502181,159.929393097977,276.74842073598717,309.34036899629,177.0,360.0,79.08693189862664,503.9898060314314,96.0,614.25,318.0,985.5,838.6360752056405,1011.8371621621621,1822.383119858605,900.439110606821,1850.8549089690607,778.247682341115,1773.8043273753528,181.72705064789244), 1.6791112324559805
frame_11, 
(1638.0,771.75,1644.0,717.75,958.2031166261286,205.24587747866593,264.234082750803,316.88017192518424,180.0,360.0,24.0,582.75,81.0,897.75,318.0,985.5,767.7339449541284,1006.0045871559633,1263.0,924.75,1638.0,771.75), 1.6637104956895012
frame_12, 
(318.0,985.5,863.7066246056781,990.2590694006309,1263.0,924.75,1638.0,771.75,1771.1551578183576,183.64805296892007,948.0,159.75,834.328125,171.17578125,666.0,209.25,425.7907921462424,269.6823798239675,225.0,339.75,177.0,360.0,120.0,470.25,75.0,591.75,59.53805926786752,636.9761766414875,111.0,715.5,318.0,985.5), 1.6943259947485356
frame_13, 
(225.0,339.75,153.6229584694354,426.04164722351845,45.41179668388149,701.0783500951346,64.0298796216681,803.9677558039552,162.0,927.0,318.0,985.5,763.0006155912474,1020.4020090659802,1822.383119858605,900.439110606821,1866.0,713.25,1875.0,184.5,1027.7042879360142,161.87802710508777,225.0,339.75), 1.693689022629744
frame_14, 
(225.0,886.5,318.0,985.5,804.9488069414317,999.8990238611715,1263.0,924.75,1638.0,771.75,1771.574880763116,181.79427662957076,1524.0,175.5,1194.0,168.75,714.0,238.5,225.0,339.75,44.368837254710535,558.124987796544,39.86078098471987,615.2646010186758,114.0,767.25,225.0,886.5), 1.5975471011801718
frame_2, 
(318.0,985.5,706.8307012002527,1015.9965255843335,1263.0,924.75,1638.0,771.75,1782.8629882207065,326.97535647861133,1728.0,254.25,1196.3963691376703,189.84417549167927,762.0,240.75,235.8013887851863,330.13630254610615,177.0,360.0,62.31579885877319,429.1844909058488,78.0,897.75,318.0,985.5), 1.6368462748250683
frame_3, 
(318.0,985.5,706.8307012002527,1015.9965255843335,1263.0,924.75,1638.0,771.75,1749.5452508656392,282.80998370561474,1728.0,254.25,1305.0154981549817,203.00380073800739,762.0,240.75,266.4938403856454,317.03186930905196,192.0,355.5,67.18972602739726,427.0823630136986,111.0,715.5,318.0,985.5), 1.6086599000969575
frame_4, 
(1638.0,771.75,1747.65379494008,291.1008655126498,1728.0,254.25,948.0,159.75,558.0,166.5,177.0,360.0,43.19102416570772,556.7779056386652,39.57142857142857,608.357142857143,111.0,715.5,318.0,985.5,736.2253052164261,1011.1739733629302,1263.0,924.75,1638.0,771.75), 1.5936005276661904
frame_5, 
(318.0,985.5,731.3319926873858,1011.9767824497258,1263.0,924.75,1638.0,771.75,1747.5238095238096,291.6706349206349,1728.0,254.25,948.0,159.75,558.0,166.5,189.0,355.5,43.07211028632025,558.4724284199364,39.57142857142857,608.357142857143,111.0,715.5,318.0,985.5), 1.5986863821155255
frame_6, 
(948.0,159.75,926.7594553706505,160.11762481089258,277.6880517951736,308.8631547969394,177.0,360.0,64.32146984053617,524.0466836145135,76.58012864376626,798.7172574243875,318.0,985.5,757.2708933717579,1007.7211815561959,1263.0,924.75,1638.0,771.75,1774.5541521486643,181.74700566202094,948.0,159.75), 1.6143213875537683
frame_7, 
(628.6541766930217,1028.8223616363011,1263.0,924.75,1638.0,771.75,1755.7141614366496,251.8457869881315,948.0,159.75,558.0,166.5,192.0,328.5,34.12602739726027,567.4253424657535,24.0,659.25,24.0,1019.25,628.6541766930217,1028.8223616363011), 1.5978672266288854
frame_8, 
(1305.0,1030.5,1491.7241379310344,1029.0258620689656,1554.0,1019.25,1612.6832518880497,1002.3615059973346,1829.9558384722498,754.387358265367,1773.809255692201,183.725107423322,948.0,159.75,601.1066576086956,165.75392323369567,454.4099413571628,218.12465093549287,102.0,393.75,62.750798722044735,488.8538338658147,77.45402663284717,818.298034242232,162.0,927.0,319.61650393700785,985.5737007874015,1305.0,1030.5), 1.5726697752827525
frame_9, 
(84.59553478712357,829.7943925233644,162.0,927.0,318.0,985.5,1341.0,1037.25,1468.7478260869566,1032.6326086956522,1554.0,1019.25,1613.2238033635185,1005.2901034928849,1788.0,832.5,1817.0571939231456,623.2882037533512,1773.6121667997138,181.72193669708915,948.0,159.75,937.6350654502181,159.929393097977,266.9159802306425,311.563253273216,183.76903932304631,352.99996888999505,96.0,614.25,84.59553478712357,829.7943925233644), 1.6280327383979052
