frame_0, (1839.0,141.75,1854.0,839.25,1455.0,1005.75,1080.0,1057.5,30.0,891.0,42.0,418.5,72.0,22.5,1131.0,24.75,1839.0,141.75), 5.600709318349339
frame_1, (30.0,891.0,45.0,357.75,72.0,22.5,1131.0,22.5,1710.0,40.5,1698.0,247.5,1659.0,519.75,1578.0,803.25,1179.0,1048.5,324.0,1019.25,30.0,891.0), 5.4159395793331155
frame_2, (1083.0,1057.5,30.0,891.0,42.0,416.25,45.0,357.75,72.0,22.5,1131.0,22.5,1710.0,40.5,1659.0,519.75,1548.0,702.0,1083.0,1057.5), 5.326675260186814
frame_3, (1710.0,40.5,1848.0,625.5,1770.0,909.0,1179.0,1048.5,1083.0,1055.25,324.0,1019.25,30.0,891.0,42.0,42.75,72.0,22.5,1131.0,24.75,1710.0,40.5), 5.318077617511614
frame_4, (1710.0,38.25,1803.0,882.0,918.0,1005.75,324.0,1019.25,30.0,891.0,45.0,357.75,72.0,22.5,1131.0,24.75,1710.0,38.25), 4.288571080929921
frame_5, (1710.0,38.25,1851.0,623.25,1068.0,1012.5,324.0,1019.25,30.0,891.0,42.0,42.75,72.0,22.5,1131.0,24.75,1710.0,38.25), 5.331313156991598
frame_6, (30.0,891.0,42.0,42.75,72.0,22.5,1131.0,24.75,1710.0,40.5,1698.0,249.75,1659.0,519.75,1575.0,803.25,1080.0,1057.5,324.0,1019.25,30.0,891.0), 5.274295019711155
frame_7, (1710.0,40.5,1848.0,625.5,1602.0,1014.75,1179.0,1048.5,1083.0,1055.25,171.0,798.75,48.0,600.75,42.0,416.25,42.0,42.75,72.0,22.5,1131.0,24.75,1710.0,40.5), 5.348765499009772
frame_8, (1710.0,40.5,1848.0,625.5,1602.0,1014.75,1083.0,1057.5,813.0,1037.25,30.0,891.0,24.0,398.25,72.0,22.5,1131.0,24.75,1710.0,40.5), 5.3390020583072495
frame_9, (1710.0,40.5,1644.0,1010.25,1083.0,1055.25,30.0,891.0,42.0,42.75,72.0,22.5,1131.0,24.75,1710.0,40.5), 5.3732622074641165
frame_10, (1848.0,625.5,1644.0,1010.25,1080.0,1055.25,1002.0,1059.75,324.0,1019.25,30.0,891.0,42.0,42.75,72.0,22.5,1131.0,24.75,1563.0,173.25,1596.0,195.75,1848.0,625.5), 5.3186171076124005
frame_11, (1659.0,519.75,1644.0,1010.25,1080.0,1055.25,324.0,1019.25,30.0,891.0,42.0,42.75,72.0,22.5,1131.0,24.75,1563.0,173.25,1659.0,519.75), 5.269835207084236
frame_12, (1131.0,24.75,1710.0,40.5,1698.0,247.5,1659.0,519.75,1548.0,702.0,1185.0,828.0,324.0,1019.25,30.0,891.0,42.0,416.25,45.0,357.75,75.0,173.25,1131.0,24.75), 5.37149370233529
frame_13, (1131.0,24.75,1710.0,40.5,1698.0,247.5,1659.0,519.75,1548.0,702.0,324.0,1019.25,30.0,891.0,42.0,416.25,45.0,357.75,288.0,258.75,1131.0,24.75), 5.370957187840543
frame_14, (30.0,891.0,42.0,416.25,45.0,357.75,72.0,22.5,1131.0,24.75,1710.0,40.5,1698.0,249.75,1659.0,519.75,1548.0,702.0,324.0,1019.25,30.0,891.0), 5.293372153630442
