frame_0, 
(1644.0,1030.5,24.0,936.0,75.0,285.75,387.0,22.5,525.0,18.0,1239.0,18.0,1443.0,20.25,1464.0,24.75,1605.0,56.25,1890.0,270.0,1881.0,814.5,1797.0,915.75,1644.0,1030.5), 2.820934741860135
frame_1, 
(1854.0,29.25,1857.0,393.75,1797.0,915.75,1593.0,969.75,1398.0,1017.0,618.0,900.0,576.0,868.5,447.0,180.0,432.0,76.5,522.0,18.0,1710.0,18.0,1854.0,29.25), 2.840189630199442
frame_10, 
(108.0,774.0,78.0,256.5,828.0,38.25,1440.0,20.25,1464.0,24.75,1554.0,51.75,1797.0,155.25,1890.0,270.0,1893.0,891.0,1737.0,933.75,1593.0,969.75,1368.0,1023.75,108.0,774.0), 2.884368187601004
frame_11, 
(1368.0,1023.75,108.0,774.0,648.0,132.75,684.0,96.75,828.0,38.25,1239.0,18.0,1710.0,18.0,1890.0,270.0,1893.0,891.0,1734.0,933.75,1593.0,969.75,1368.0,1023.75), 2.9147554882243796
frame_12, 
(30.0,483.75,525.0,18.0,1239.0,18.0,1440.0,20.25,1464.0,24.75,1563.0,45.0,1890.0,270.0,1890.0,747.0,1797.0,915.75,1641.0,1026.0,1368.0,1023.75,108.0,771.75,30.0,483.75), 2.923204196173626
frame_13, 
(1368.0,1023.75,108.0,771.75,390.0,49.5,1239.0,18.0,1440.0,20.25,1464.0,24.75,1563.0,45.0,1890.0,270.0,1842.0,758.25,1836.0,805.5,1797.0,915.75,1641.0,1023.75,1368.0,1023.75), 2.8958848137246984
frame_14, 
(42.0,553.5,78.0,285.75,609.0,117.0,684.0,96.75,1008.0,36.0,1164.0,18.0,1440.0,20.25,1464.0,24.75,1551.0,51.75,1593.0,78.75,1890.0,270.0,1893.0,596.25,1893.0,747.0,1869.0,983.25,1641.0,1023.75,1368.0,1023.75,108.0,771.75,42.0,553.5), 2.9159206487696525
frame_2, 
(108.0,774.0,78.0,256.5,828.0,38.25,1287.0,24.75,1443.0,20.25,1572.0,38.25,1605.0,56.25,1890.0,270.0,1884.0,517.5,1875.0,634.5,1836.0,954.0,1647.0,1032.75,1341.0,987.75,108.0,774.0), 2.8921746625523626
frame_3, 
(1818.0,936.0,1647.0,1032.75,1368.0,1023.75,147.0,906.75,108.0,774.0,42.0,549.0,573.0,101.25,828.0,38.25,1239.0,18.0,1443.0,20.25,1569.0,42.75,1890.0,270.0,1875.0,634.5,1818.0,936.0), 2.92028153539697
frame_4, 
(117.0,796.5,42.0,546.75,78.0,285.75,828.0,38.25,1239.0,18.0,1599.0,20.25,1890.0,270.0,1875.0,634.5,1818.0,936.0,1368.0,1023.75,117.0,796.5), 2.8933457870171724
frame_5, 
(108.0,771.75,564.0,117.0,828.0,38.25,1239.0,18.0,1443.0,20.25,1464.0,24.75,1554.0,49.5,1797.0,155.25,1890.0,270.0,1893.0,744.75,1797.0,915.75,1737.0,933.75,1593.0,969.75,1368.0,1023.75,147.0,906.75,108.0,771.75), 2.890582099262314
frame_6, 
(1368.0,1023.75,108.0,771.75,549.0,117.0,576.0,103.5,828.0,38.25,1239.0,18.0,1443.0,20.25,1563.0,45.0,1890.0,270.0,1875.0,634.5,1818.0,936.0,1647.0,1032.75,1368.0,1023.75), 2.9296133525925967
frame_7, 
(108.0,771.75,78.0,285.75,618.0,29.25,1443.0,20.25,1464.0,24.75,1554.0,49.5,1890.0,270.0,1893.0,891.0,1818.0,936.0,1647.0,1032.75,1368.0,1023.75,108.0,771.75), 2.8660678472224594
frame_8, 
(1890.0,270.0,1893.0,891.0,1737.0,933.75,1593.0,969.75,1368.0,1023.75,147.0,906.75,108.0,771.75,150.0,591.75,516.0,186.75,684.0,96.75,828.0,38.25,1440.0,20.25,1464.0,24.75,1554.0,49.5,1890.0,270.0), 2.8900582724161383
frame_9, 
(78.0,256.5,387.0,24.75,1440.0,20.25,1761.0,56.25,1890.0,270.0,1893.0,891.0,1737.0,933.75,1593.0,969.75,1368.0,1023.75,108.0,774.0,78.0,285.75,78.0,256.5), 2.8702356105138542
