frame_0, (24.0,182.25,1341.0,18.0,1584.0,20.25,1791.0,101.25,1842.0,209.25,1872.0,576.0,1875.0,749.25,1869.0,796.5,1821.0,859.5,1752.0,942.75,1338.0,1041.75,1242.0,1053.0,519.0,1039.5,57.0,711.0,24.0,182.25), 2.820934741860135
frame_1, (45.0,983.25,42.0,164.25,906.0,65.25,1341.0,18.0,1725.0,108.0,1842.0,209.25,1893.0,285.75,1893.0,594.0,1890.0,904.5,1392.0,1048.5,1242.0,1053.0,240.0,1057.5,45.0,983.25), 2.840189630199442
frame_2, (45.0,983.25,24.0,180.0,42.0,164.25,210.0,117.0,1341.0,18.0,1725.0,105.75,1842.0,209.25,1893.0,285.75,1875.0,830.25,1752.0,940.5,1653.0,972.0,1389.0,1055.25,240.0,1057.5,45.0,983.25), 2.8921746625523626
frame_3, (1893.0,285.75,1875.0,830.25,1674.0,927.0,1392.0,1057.5,1242.0,1053.0,510.0,1003.5,189.0,765.0,24.0,177.75,42.0,164.25,1341.0,18.0,1584.0,20.25,1725.0,105.75,1842.0,209.25,1893.0,285.75), 2.92028153539697
frame_4, (510.0,1003.5,24.0,182.25,210.0,117.0,1299.0,51.75,1341.0,54.0,1725.0,105.75,1842.0,209.25,1893.0,285.75,1875.0,830.25,1674.0,927.0,1389.0,1057.5,510.0,1003.5), 2.8933457870171724
frame_5, (510.0,1003.5,24.0,182.25,42.0,164.25,1584.0,20.25,1725.0,105.75,1842.0,209.25,1893.0,285.75,1875.0,830.25,1779.0,909.0,1389.0,1053.0,510.0,1003.5), 2.890582099262314
frame_6, (510.0,1003.5,24.0,180.0,42.0,164.25,210.0,117.0,1341.0,18.0,1584.0,20.25,1725.0,105.75,1842.0,209.25,1893.0,285.75,1875.0,830.25,1674.0,927.0,1392.0,1055.25,510.0,1003.5), 2.9296133525925967
frame_7, (510.0,1003.5,24.0,180.0,42.0,164.25,1341.0,18.0,1650.0,132.75,1842.0,209.25,1893.0,285.75,1875.0,873.0,1749.0,942.75,1623.0,996.75,1398.0,1055.25,510.0,1003.5), 2.8660678472224594
frame_8, (687.0,967.5,24.0,180.0,1341.0,18.0,1650.0,132.75,1842.0,209.25,1893.0,285.75,1875.0,830.25,1674.0,927.0,1452.0,1021.5,687.0,967.5), 2.8900582724161383
frame_9, (510.0,1003.5,24.0,182.25,42.0,164.25,1341.0,18.0,1584.0,20.25,1725.0,105.75,1842.0,209.25,1893.0,285.75,1848.0,675.0,1833.0,792.0,1779.0,909.0,1242.0,1053.0,510.0,1003.5), 2.8702356105138542
frame_10, (510.0,1003.5,24.0,191.25,1341.0,18.0,1542.0,76.5,1842.0,209.25,1893.0,285.75,1860.0,679.5,1827.0,810.0,1650.0,904.5,1242.0,1053.0,510.0,1003.5), 2.884368187601004
frame_11, (24.0,182.25,1341.0,18.0,1578.0,51.75,1842.0,209.25,1893.0,285.75,1848.0,675.0,1827.0,810.0,1470.0,1026.0,1344.0,1059.75,1242.0,1053.0,687.0,967.5,480.0,897.75,432.0,855.0,24.0,182.25), 2.9147554882243796
frame_12, (384.0,864.0,24.0,182.25,1341.0,18.0,1584.0,20.25,1794.0,94.5,1893.0,285.75,1851.0,652.5,1833.0,742.5,1617.0,949.5,1338.0,1055.25,1242.0,1053.0,510.0,1003.5,384.0,864.0), 2.923204196173626
frame_13, (510.0,1003.5,24.0,182.25,42.0,164.25,1584.0,20.25,1725.0,105.75,1824.0,274.5,1860.0,472.5,1860.0,681.75,1833.0,742.5,1446.0,1010.25,1332.0,1050.75,1242.0,1053.0,510.0,1003.5), 2.8958848137246984
frame_14, (510.0,1003.5,24.0,182.25,1341.0,18.0,1584.0,20.25,1725.0,105.75,1824.0,274.5,1860.0,472.5,1848.0,675.0,1827.0,866.25,1752.0,940.5,1329.0,1050.75,510.0,1003.5), 2.9159206487696525
