frame_0, (150.0,155.25,1176.0,83.25,1263.0,123.75,1728.0,798.75,447.0,1001.25,375.0,1005.75,33.0,830.25,51.0,261.0,150.0,155.25), 2.820934741860135
frame_1, (1872.0,195.75,1860.0,767.25,405.0,983.25,216.0,807.75,30.0,614.25,219.0,396.0,714.0,177.75,918.0,103.5,1230.0,58.5,1323.0,69.75,1872.0,195.75), 2.840189630199442
frame_2, (402.0,983.25,81.0,616.5,144.0,454.5,510.0,105.75,1173.0,83.25,1872.0,195.75,1863.0,769.5,1686.0,1012.5,402.0,983.25), 2.8921746625523626
frame_3, (51.0,261.0,510.0,105.75,1173.0,83.25,1872.0,195.75,1806.0,472.5,1695.0,933.75,546.0,879.75,381.0,861.75,279.0,801.0,54.0,562.5,51.0,261.0), 2.92028153539697
frame_4, (1728.0,798.75,402.0,983.25,210.0,760.5,54.0,562.5,144.0,454.5,510.0,108.0,1173.0,83.25,1308.0,130.5,1728.0,798.75), 2.8933457870171724
frame_5, (369.0,816.75,51.0,261.0,506.99999999999994,108.0,1173.0,83.25,1263.0,123.75,1755.0,672.75,1728.0,798.75,462.0,821.25,369.0,816.75), 2.890582099262314
frame_6, (1884.0,198.0,1728.0,798.75,288.0,841.5,81.0,616.5,51.0,261.0,510.0,108.0,1173.0,83.25,1884.0,198.0), 2.9296133525925967
frame_7, (1884.0,198.0,1884.0,974.25,1686.0,1012.5,336.0,956.25,225.0,936.0,54.0,900.0,33.0,830.25,30.0,614.25,54.0,562.5,222.0,371.25,240.0,353.25,636.0,177.75,1005.0,60.75,1884.0,198.0), 2.8660678472224594
frame_8, (372.0,819.0,30.0,614.25,54.0,562.5,144.0,454.5,219.0,396.0,654.0,173.25,918.0,103.5,1176.0,83.25,1263.0,123.75,1728.0,798.75,462.0,821.25,372.0,819.0), 2.8900582724161383
frame_9, (402.0,983.25,30.0,614.25,96.0,326.25,654.0,173.25,918.0,103.5,1176.0,83.25,1884.0,198.0,1770.0,612.0,402.0,983.25), 2.8702356105138542
frame_10, (1728.0,798.75,402.0,983.25,33.0,830.25,30.0,614.25,54.0,562.5,144.0,454.5,219.0,396.0,654.0,173.25,918.0,103.5,1176.0,81.0,1263.0,123.75,1305.0,162.0,1728.0,798.75), 2.884368187601004
frame_11, (33.0,830.25,30.0,614.25,54.0,562.5,144.0,454.5,219.0,396.0,654.0,173.25,918.0,103.5,1176.0,81.0,1263.0,123.75,1728.0,798.75,381.0,861.75,33.0,830.25), 2.9147554882243796
frame_12, (1263.0,123.75,1728.0,798.75,402.0,983.25,114.0,1005.75,78.0,643.5,51.0,261.0,918.0,103.5,1263.0,123.75), 2.923204196173626
frame_13, (1872.0,195.75,1728.0,798.75,462.0,821.25,96.0,326.25,51.0,261.0,900.0,126.0,1263.0,123.75,1800.0,186.75,1872.0,195.75), 2.8958848137246984
frame_14, (1728.0,798.75,546.0,879.75,372.0,839.25,51.0,261.0,918.0,103.5,1263.0,123.75,1728.0,798.75), 2.9159206487696525
