frame_0, 
(1371.0,99.0,1884.0,360.0,1788.0,972.0,1197.0,1050.75,336.0,1008.0,54.0,924.75,45.0,571.5,36.0,60.75,39.0,29.25,732.0,29.25,1371.0,99.0), 2.7936697394362446
frame_1, 
(126.0,22.5,1701.0,22.5,1851.0,175.5,1890.0,684.0,1788.0,972.0,1485.0,996.75,813.0,1005.75,30.0,931.5,36.0,535.5,51.0,128.25,126.0,22.5), 2.498609898996518
frame_10, 
(36.0,814.5,39.0,29.25,126.0,22.5,732.0,29.25,1557.0,49.5,1875.0,452.25,1890.0,684.0,1788.0,972.0,1230.0,1057.5,336.0,1008.0,36.0,814.5), 2.7929144753576787
frame_11, 
(1878.0,63.0,1890.0,684.0,1788.0,972.0,1197.0,1050.75,336.0,1008.0,117.0,796.5,36.0,641.25,24.0,513.0,39.0,29.25,126.0,22.5,804.0,29.25,1557.0,47.25,1878.0,63.0), 2.7442377800633864
frame_12, 
(36.0,535.5,39.0,29.25,126.0,20.25,804.0,29.25,1350.0,74.25,1371.0,78.75,1713.0,272.25,1827.0,351.0,1890.0,684.0,1788.0,972.0,1197.0,1050.75,336.0,1008.0,117.0,796.5,87.0,708.75,36.0,535.5), 2.837572583214884
frame_13, 
(1878.0,63.0,1890.0,684.0,1869.0,927.0,1788.0,972.0,1197.0,1050.75,252.0,1010.25,30.0,931.5,39.0,29.25,126.0,20.25,735.0,29.25,1557.0,45.0,1878.0,63.0), 2.9310914973759057
frame_14, 
(1878.0,63.0,1890.0,684.0,1788.0,972.0,1197.0,1050.75,336.0,1008.0,36.0,814.5,39.0,29.25,126.0,20.25,735.0,29.25,1557.0,47.25,1878.0,63.0), 2.85803920285974
frame_2, 
(1854.0,29.25,1890.0,684.0,1788.0,972.0,1356.0,1019.25,747.0,1026.0,510.0,972.0,42.0,812.25,45.0,571.5,63.0,213.75,126.0,22.5,1854.0,29.25), 2.931480730790198
frame_3, 
(45.0,571.5,126.0,22.5,1854.0,31.5,1890.0,684.0,1788.0,972.0,1485.0,996.75,747.0,1026.0,336.0,1008.0,114.0,796.5,57.0,715.5,45.0,571.5), 2.896728812213171
frame_4, 
(24.0,513.0,126.0,22.5,804.0,29.25,1557.0,49.5,1851.0,177.75,1890.0,684.0,1788.0,972.0,1485.0,996.75,813.0,1005.75,519.0,949.5,42.0,812.25,24.0,513.0), 2.918091342022966
frame_5, 
(1851.0,177.75,1890.0,684.0,1884.0,740.25,1788.0,972.0,813.0,1005.75,336.0,1008.0,42.0,812.25,39.0,29.25,126.0,22.5,1851.0,177.75), 2.9115606402747805
frame_6, 
(36.0,535.5,39.0,29.25,126.0,22.5,1371.0,99.0,1851.0,177.75,1875.0,452.25,1890.0,684.0,1788.0,972.0,336.0,1008.0,126.0,940.5,78.0,918.0,42.0,812.25,36.0,535.5), 2.8877978385084786
frame_7, 
(1878.0,63.0,1890.0,684.0,1884.0,740.25,1851.0,936.0,1788.0,972.0,1356.0,1019.25,813.0,1005.75,333.0,987.75,36.0,814.5,39.0,29.25,126.0,22.5,735.0,29.25,1557.0,49.5,1878.0,63.0), 2.9043449840321074
frame_8, 
(1878.0,63.0,1890.0,684.0,1788.0,972.0,1356.0,1019.25,747.0,1026.0,336.0,1008.0,36.0,814.5,39.0,29.25,126.0,22.5,735.0,29.25,1557.0,49.5,1878.0,63.0), 2.885910224009941
frame_9, 
(36.0,535.5,39.0,29.25,126.0,22.5,735.0,29.25,1557.0,49.5,1782.0,418.5,1845.0,524.25,1890.0,684.0,1851.0,936.0,1788.0,972.0,1356.0,1019.25,747.0,1026.0,36.0,814.5,36.0,535.5), 2.889313689628639
