frame_0, (30.0,614.25,45.0,234.0,270.0,148.5,1323.0,69.75,1668.0,159.75,1839.0,328.5,1848.0,965.25,402.0,983.25,249.00000000000003,920.25,57.0,760.5,30.0,614.25), 2.7936697394362446
frame_1, (1836.0,328.5,1860.0,767.25,1803.0,848.25,288.0,841.5,33.0,830.25,30.0,614.25,45.0,234.0,270.0,148.5,672.0,18.0,1323.0,69.75,1356.0,78.75,1836.0,328.5), 2.498609898996518
frame_2, (1863.0,769.5,402.0,983.25,84.0,771.75,30.0,614.25,45.0,234.0,270.0,148.5,510.0,105.75,1311.0,36.0,1836.0,328.5,1863.0,769.5), 2.931480730790198
frame_3, (510.0,105.75,1230.0,58.5,1323.0,69.75,1836.0,328.5,1866.0,769.5,456.0,846.0,288.0,839.25,84.0,771.75,48.0,753.75,45.0,234.0,87.0,211.5,270.0,148.5,510.0,105.75), 2.896728812213171
frame_4, (30.0,614.25,45.0,236.25,510.0,108.0,627.0,92.25,1263.0,54.0,1323.0,69.75,1836.0,328.5,1866.0,769.5,1806.0,848.25,462.0,821.25,84.0,769.5,45.0,753.75,30.0,614.25), 2.918091342022966
frame_5, (1725.0,938.25,27.0,801.0,45.0,234.0,87.0,211.5,267.0,148.5,506.99999999999994,108.0,1323.0,69.75,1668.0,159.75,1836.0,328.5,1836.0,402.75,1806.0,848.25,1725.0,938.25), 2.9115606402747805
frame_6, (1881.0,576.0,1809.0,848.25,1653.0,976.5,456.0,837.0,87.0,769.5,51.0,751.5,30.0,614.25,45.0,234.0,87.0,211.5,267.0,146.25,510.0,108.0,1323.0,69.75,1386.0,76.5,1707.0,180.0,1836.0,328.5,1881.0,576.0), 2.8877978385084786
frame_7, (1884.0,198.0,1884.0,974.25,1686.0,1012.5,336.0,956.25,225.0,936.0,54.0,900.0,33.0,830.25,30.0,614.25,54.0,562.5,222.0,371.25,240.0,353.25,636.0,177.75,1005.0,60.75,1884.0,198.0), 2.9043449840321074
frame_8, (30.0,614.25,45.0,234.0,267.0,146.25,510.0,108.0,627.0,92.25,1311.0,36.0,1668.0,159.75,1839.0,328.5,1863.0,769.5,1806.0,848.25,402.0,983.25,249.00000000000003,920.25,87.0,769.5,30.0,614.25), 2.885910224009941
frame_9, (1836.0,402.75,1782.0,949.5,402.0,983.25,249.00000000000003,920.25,33.0,830.25,45.0,234.0,87.0,211.5,267.0,146.25,1323.0,69.75,1668.0,159.75,1836.0,328.5,1836.0,402.75), 2.889313689628639
frame_10, (1836.0,402.75,1809.0,848.25,402.0,983.25,249.00000000000003,920.25,174.0,888.75,87.0,769.5,54.0,562.5,45.0,234.0,87.0,211.5,627.0,92.25,1323.0,69.75,1668.0,159.75,1836.0,328.5,1836.0,402.75), 2.7929144753576787
frame_11, (1836.0,402.75,1737.0,742.5,402.0,983.25,249.00000000000003,920.25,87.0,769.5,54.0,562.5,45.0,234.0,627.0,49.5,1230.0,58.5,1323.0,69.75,1668.0,159.75,1836.0,402.75), 2.7442377800633864
frame_12, (87.0,769.5,45.0,236.25,87.0,211.5,1230.0,58.5,1827.0,96.75,1836.0,328.5,1836.0,402.75,1821.0,686.25,1764.0,751.5,249.00000000000003,920.25,87.0,769.5), 2.837572583214884
frame_13, (1785.0,951.75,33.0,830.25,45.0,234.0,510.0,105.75,627.0,94.5,1230.0,58.5,1323.0,69.75,1668.0,159.75,1839.0,328.5,1836.0,402.75,1821.0,686.25,1785.0,951.75), 2.9310914973759057
frame_14, (1836.0,402.75,1737.0,744.75,456.0,846.0,69.0,843.75,36.0,648.0,45.0,234.0,87.0,211.5,513.0,105.75,627.0,94.5,1230.0,58.5,1323.0,69.75,1668.0,159.75,1836.0,328.5,1836.0,402.75), 2.85803920285974
